200 200
0 0 91 91 91 91 91 91 91 91 0 0 0 0 0 0 0 0 0 0 0 0 46 46 46 46 46 46 46 46 46 46 46 46 46 0 0 0 0 0 0 0 0 0 0 0 0 0 0 0 0 0 0 0 0 0 0 0 0 0 0 0 0 0 0 0 0 0 0 0 0 0 0 0 0 0 0 0 0 0 0 0 0 0 0 0 0 0 0 0 0 0 0 0 0 0 0 20 20 20 20 20 20 20 20 20 20 20 20 20 20 20 20 20 20 20 0 0 0 33 33 33 33 33 33 33 33 33 33 33 33 33 0 0 0 0 0 0 0 0 0 0 0 0 0 0 0 0 0 0 0 0 0 0 0 0 0 0 0 0 0 0 0 0 0 0 0 0 0 0 0 0 0 0 0 0 0 0 0 0 0 0 0 0 0 0 0 0 0 0 0 0 0 0 0 0 49 49 49 49
91 91 91 91 91 91 91 91 91 91 0 0 0 0 0 0 0 0 0 0 0 0 46 46 46 46 46 46 46 46 46 46 46 46 46 0 0 0 0 0 0 0 0 0 0 0 0 0 0 0 0 0 0 0 0 0 0 0 0 0 0 0 0 0 0 0 0 0 0 0 0 0 0 0 0 0 0 0 0 0 0 0 0 0 0 0 0 0 0 0 0 0 0 0 0 0 0 20 20 20 20 20 20 20 20 20 20 20 20 20 20 20 20 20 20 20 0 0 0 33 33 33 33 33 33 33 33 33 33 33 33 33 0 0 0 0 0 0 0 0 0 0 0 0 0 0 0 0 0 0 0 0 0 0 0 0 0 0 0 0 0 0 0 0 0 0 0 0 0 0 0 0 0 0 0 0 0 0 0 0 0 0 0 0 0 0 0 0 0 49 49 49 49 49 49 49 49 49 49 49
91 91 91 91 91 91 91 91 91 91 0 0 0 0 0 0 0 0 0 0 0 0 46 46 46 46 46 46 46 46 46 46 46 46 46 0 0 0 0 0 0 0 0 0 0 0 0 0 0 0 0 0 0 0 0 0 0 0 0 0 0 0 0 0 0 0 0 0 0 0 0 0 0 0 0 0 0 0 0 0 0 0 0 0 0 0 0 0 0 0 0 0 0 0 0 0 0 20 20 20 20 20 20 20 20 20 20 20 20 20 20 20 20 20 20 20 0 0 0 33 33 33 33 33 33 33 33 33 33 33 33 33 0 0 0 0 0 0 0 0 0 0 0 0 0 0 0 0 0 0 0 0 0 0 0 0 0 0 0 0 0 0 0 0 0 0 0 0 0 0 0 0 0 0 0 0 0 0 0 0 0 0 0 0 0 0 0 0 0 49 49 49 49 49 49 49 49 49 49 49
91 91 91 91 91 91 91 91 91 91 0 0 0 0 0 0 0 0 0 0 0 0 46 46 46 46 46 46 46 46 46 46 46 46 46 0 0 0 0 0 0 0 0 0 0 0 0 0 0 0 0 0 0 0 0 0 0 0 0 0 0 0 0 0 0 0 0 0 0 0 0 0 0 0 0 0 0 0 0 0 0 0 0 0 0 0 0 0 0 0 0 0 0 0 0 0 0 20 20 20 20 20 20 20 20 20 20 20 20 20 20 20 20 20 20 20 0 0 0 33 33 33 33 33 33 33 33 33 33 33 33 33 0 0 0 0 0 0 0 0 0 0 0 0 0 0 0 0 0 0 0 0 0 0 0 0 0 0 0 0 0 0 0 0 0 0 0 0 0 0 0 0 0 0 0 0 0 0 0 0 0 0 0 0 0 0 0 0 0 49 49 49 49 49 49 49 49 49 49 49
91 91 91 91 91 91 91 91 91 91 0 0 0 0 0 0 0 0 0 0 0 0 46 46 46 46 46 46 46 46 46 46 46 46 46 0 0 0 0 0 0 0 0 0 0 0 0 0 0 0 0 0 0 0 0 0 0 0 0 0 0 0 0 0 0 0 0 0 0 0 0 0 0 0 0 0 0 0 0 0 0 0 0 0 0 0 0 0 0 0 0 0 0 0 0 0 0 20 20 20 20 20 20 20 20 20 20 20 20 20 20 20 20 20 20 20 0 0 0 33 33 33 33 33 33 33 33 33 33 33 33 33 0 0 0 0 0 0 0 0 0 0 0 0 0 0 0 0 0 0 0 0 0 0 0 0 0 0 0 0 0 0 0 0 0 0 0 0 0 0 0 0 0 0 0 0 0 0 0 0 0 0 0 0 0 0 0 0 0 49 49 49 49 49 49 49 49 49 49 49
91 91 91 91 91 91 91 91 91 91 0 0 0 0 0 0 0 0 0 0 0 0 46 46 46 46 46 46 46 46 46 46 46 46 46 0 0 0 0 0 0 0 0 0 0 0 0 0 0 0 0 0 0 0 0 0 0 0 0 0 0 0 0 0 0 0 0 0 0 0 0 0 0 0 0 0 0 0 0 0 0 0 0 0 0 0 0 0 0 0 0 0 0 0 0 0 0 20 20 20 20 20 20 20 20 20 20 20 20 20 20 20 20 20 20 20 0 0 0 33 33 33 33 33 33 33 33 33 33 33 33 33 0 0 0 0 0 0 0 0 0 0 0 0 0 0 0 0 0 0 0 0 0 0 16 16 16 16 16 16 16 16 16 16 16 16 0 0 0 0 0 0 0 0 0 0 0 0 0 0 0 0 0 0 0 0 0 0 0 0 0 0 0 49 49 49 49 49 49 49
91 91 91 91 91 91 91 91 91 91 0 0 0 0 0 0 0 0 0 0 0 0 46 46 46 46 46 46 46 46 46 46 46 46 46 0 0 0 0 0 0 0 0 0 0 0 0 0 0 0 0 0 0 0 0 0 0 0 0 0 0 0 0 0 0 0 0 0 0 0 0 0 0 0 0 0 0 0 0 0 0 0 0 0 0 0 0 0 0 0 0 0 0 0 0 0 0 20 20 20 20 20 20 20 20 20 20 20 20 20 20 20 20 20 20 20 0 0 0 33 33 33 33 33 33 33 33 33 33 33 33 33 0 0 0 0 0 0 0 22 22 22 22 22 22 22 22 22 22 22 0 16 16 16 16 16 16 16 16 16 16 16 16 16 16 16 0 0 0 0 0 0 0 0 0 0 0 0 0 0 78 78 78 78 78 78 78 78 78 78 78 78 78 0 49 49 49 49 49 49
91 91 91 91 91 91 91 91 91 91 0 0 0 0 0 0 0 0 0 0 0 0 46 46 46 46 46 46 46 46 46 46 46 46 46 0 0 0 0 0 0 0 0 0 0 0 0 0 0 0 0 0 0 0 0 0 0 0 0 0 0 0 0 0 0 0 0 0 0 0 0 0 0 0 0 0 0 0 0 0 0 0 0 0 0 0 0 0 0 0 0 0 0 0 0 0 0 20 20 20 20 20 20 20 20 20 20 20 20 20 20 20 20 20 20 20 0 0 0 33 33 33 33 33 33 33 33 33 33 33 33 33 33 0 0 0 0 0 0 22 22 22 22 22 22 22 22 22 22 22 0 16 16 16 16 16 16 16 16 16 16 16 16 16 16 16 0 0 0 0 0 0 0 0 0 0 0 0 0 0 78 78 78 78 78 78 78 78 78 78 78 78 78 0 49 49 49 49 49 49
91 91 91 91 91 91 91 91 91 91 0 0 0 0 0 0 0 0 0 0 0 0 46 46 46 46 46 46 46 46 46 46 46 46 46 0 0 0 0 0 0 0 0 0 0 0 0 0 0 0 0 0 0 0 0 0 0 0 0 0 0 0 0 0 0 0 0 0 0 0 0 0 0 0 0 0 0 0 0 0 0 0 0 0 0 0 0 0 0 0 0 0 0 0 0 0 0 20 20 20 20 20 20 20 20 20 20 20 20 20 20 20 20 20 20 20 0 0 0 33 33 33 33 33 33 33 33 33 33 33 33 33 33 0 0 0 0 0 0 22 22 22 22 22 22 22 22 22 22 22 0 16 16 16 16 16 16 16 16 16 16 16 16 16 16 16 0 0 0 0 0 0 0 0 0 0 0 0 0 0 78 78 78 78 78 78 78 78 78 78 78 78 78 0 49 49 49 49 49 49
91 91 91 91 91 91 91 91 91 91 0 0 0 0 0 0 0 0 0 0 0 0 46 46 46 46 46 46 46 46 46 46 46 46 46 0 0 0 0 0 0 0 77 77 77 77 77 77 77 77 77 77 77 77 77 0 0 0 0 0 0 0 0 0 0 0 0 0 0 0 0 0 0 0 0 0 0 0 0 0 0 0 0 0 0 0 0 0 0 0 0 0 0 0 0 0 0 20 20 20 20 20 20 20 20 20 20 20 20 20 20 20 20 20 20 20 0 0 0 33 33 33 33 33 33 33 33 33 33 33 33 33 33 0 0 0 0 0 0 22 22 22 22 22 22 22 22 22 22 22 0 16 16 16 16 16 16 16 16 16 16 16 16 16 16 16 0 0 0 0 0 0 0 0 0 0 0 0 0 0 78 78 78 78 78 78 78 78 78 78 78 78 78 0 49 49 49 49 49 49
91 91 91 91 91 91 91 91 91 91 0 0 0 0 0 0 0 0 0 0 0 0 46 46 46 46 46 46 46 46 46 46 46 46 46 0 0 0 0 0 0 0 77 77 77 77 77 77 77 77 77 77 77 77 77 0 0 0 0 0 0 0 0 0 0 0 0 0 0 0 0 0 0 0 0 0 0 0 0 0 0 0 0 0 0 0 0 0 0 0 0 0 0 0 0 0 0 0 20 20 20 20 20 20 20 20 20 20 20 20 20 20 20 20 20 20 0 0 0 0 0 0 0 0 0 0 0 0 0 0 0 0 0 0 0 0 0 0 0 22 22 22 22 22 22 22 22 22 22 22 0 16 16 16 16 16 16 16 16 16 16 16 16 16 16 16 0 0 0 0 0 0 0 0 0 0 0 0 0 0 78 78 78 78 78 78 78 78 78 78 78 78 78 0 49 49 49 49 49 49
91 91 91 91 91 91 91 91 91 91 0 0 0 0 0 0 0 0 0 0 0 0 46 46 46 46 46 46 46 46 46 46 46 46 46 0 0 0 0 0 0 0 77 77 77 77 77 77 77 77 77 77 77 77 77 0 0 0 0 0 0 0 0 0 0 0 0 0 0 0 0 0 0 0 0 0 0 0 0 0 0 0 0 0 0 0 0 0 0 0 0 0 0 0 0 0 0 0 0 0 0 0 0 0 0 0 0 0 0 0 0 0 0 0 0 0 0 0 0 0 0 0 0 0 0 0 0 0 0 0 0 0 0 0 0 0 0 0 0 22 22 22 22 22 22 22 22 22 22 22 22 0 16 16 16 16 16 16 16 16 16 16 16 16 16 16 0 0 0 0 0 0 0 0 0 0 0 0 0 0 78 78 78 78 78 78 78 78 78 78 78 78 78 0 49 49 49 49 49 49
91 91 91 91 91 91 91 91 91 91 0 0 0 0 0 0 0 0 0 0 0 0 46 46 46 46 46 46 46 46 46 46 46 46 46 0 0 0 0 0 0 0 77 77 77 77 77 77 77 77 77 77 77 77 77 0 0 0 0 0 0 0 0 0 0 0 0 0 0 0 0 0 0 0 0 0 0 0 0 0 0 0 0 0 0 0 0 0 0 0 0 0 0 0 0 0 0 0 0 0 0 0 0 0 0 0 0 0 0 0 0 0 0 0 0 0 0 0 0 0 0 0 0 0 0 0 0 0 0 0 0 0 0 0 0 0 0 0 0 22 22 22 22 22 22 22 22 22 22 22 22 0 16 16 16 16 16 16 16 16 16 16 16 16 16 16 0 0 0 0 0 0 0 0 0 0 0 0 0 0 78 78 78 78 78 78 78 78 78 78 78 78 78 0 49 49 49 49 49 49
0 0 0 0 0 0 0 0 0 0 0 0 0 0 0 0 0 0 0 0 0 0 46 46 46 46 46 46 46 46 46 46 46 46 46 0 0 0 0 0 0 0 77 77 77 77 77 77 77 77 77 77 77 77 77 77 0 0 0 0 0 0 0 0 0 0 0 0 0 0 0 0 0 0 0 0 0 0 0 0 0 0 0 0 0 0 0 0 0 0 0 0 0 0 0 0 0 0 0 0 0 0 0 0 0 0 0 0 0 0 0 0 0 0 0 0 0 0 0 0 0 0 0 0 0 0 0 0 0 0 0 0 0 0 0 0 0 0 0 22 22 22 22 22 22 22 22 22 22 22 22 0 16 16 16 16 16 16 16 16 16 16 16 16 16 16 0 0 0 0 0 0 0 0 0 0 0 0 0 0 78 78 78 78 78 78 78 78 78 78 78 78 78 0 49 49 49 49 49 49
0 0 0 0 0 0 0 0 0 0 0 0 0 0 0 0 0 0 0 0 0 0 0 0 0 0 0 0 0 0 0 0 0 0 0 0 0 0 0 0 0 0 77 77 77 77 77 77 77 77 77 77 77 77 77 77 0 0 0 0 0 0 0 0 0 0 0 0 0 0 0 0 0 0 0 0 0 0 0 0 0 0 0 0 0 0 0 0 0 0 0 0 21 21 21 21 21 21 21 21 21 21 21 21 21 21 21 0 0 0 0 0 0 0 0 0 0 0 0 0 0 0 0 0 0 0 0 0 0 0 0 0 0 0 0 0 0 0 0 22 22 22 22 22 22 22 22 22 22 22 22 0 16 16 16 16 16 16 16 16 16 16 16 16 16 16 0 0 0 0 0 0 0 0 0 0 0 0 0 0 78 78 78 78 78 78 78 78 78 78 78 78 78 0 49 49 49 49 49 49
0 0 0 0 0 0 0 0 0 0 0 0 0 0 0 0 0 76 76 76 76 76 76 76 76 76 76 76 76 76 0 0 0 0 0 0 0 0 0 0 0 0 77 77 77 77 77 77 77 77 77 77 77 77 77 77 0 0 0 0 0 0 0 0 0 0 0 0 0 0 0 0 0 0 0 0 0 0 0 0 0 0 0 0 0 0 0 0 0 0 0 0 21 21 21 21 21 21 21 21 21 21 21 21 21 21 21 0 0 0 0 0 0 0 0 0 0 0 0 0 0 0 0 0 0 0 0 0 0 0 0 0 0 0 0 0 0 0 0 22 22 22 22 22 22 22 22 22 22 22 22 0 16 16 16 16 16 16 16 16 16 16 16 16 16 16 0 0 0 0 0 0 0 0 0 0 0 0 0 0 78 78 78 78 78 78 78 78 78 78 78 78 78 0 49 49 49 49 49 49
0 0 0 0 0 0 0 0 0 0 0 0 0 0 0 0 0 76 76 76 76 76 76 76 76 76 76 76 76 76 76 0 0 0 0 0 0 0 0 0 0 0 77 77 77 77 77 77 77 77 77 77 77 77 77 77 0 0 0 0 0 0 0 0 0 0 0 0 0 0 0 0 0 0 0 0 0 0 0 0 0 0 0 0 0 0 0 0 0 0 0 0 21 21 21 21 21 21 21 21 21 21 21 21 21 21 21 0 0 0 0 0 0 0 0 0 0 0 0 0 0 0 0 0 0 0 0 0 0 0 0 0 0 0 0 0 0 0 0 22 22 22 22 22 22 22 22 22 22 22 22 0 16 16 16 16 16 16 16 16 16 16 16 16 16 16 0 0 0 0 0 0 0 0 0 0 0 0 0 0 78 78 78 78 78 78 78 78 78 78 78 78 78 0 49 49 49 49 49 49
0 0 0 0 0 0 0 0 0 0 0 0 0 0 0 0 0 76 76 76 76 76 76 76 76 76 76 76 76 76 76 0 0 0 0 0 0 0 0 0 0 0 77 77 77 77 77 77 77 77 77 77 77 77 77 77 0 0 0 0 0 0 0 0 0 0 0 0 0 0 0 0 0 0 0 0 0 0 0 0 0 0 0 0 0 0 0 0 0 0 0 0 21 21 21 21 21 21 21 21 21 21 21 21 21 21 21 0 0 0 0 0 0 0 0 0 0 0 0 0 0 0 0 0 0 0 0 0 0 0 0 0 0 0 0 0 0 0 0 22 22 22 22 22 22 22 22 22 22 22 22 0 16 16 16 16 16 16 16 16 16 16 16 16 16 16 0 0 0 0 0 0 0 0 0 0 0 0 0 0 78 78 78 78 78 78 78 78 78 78 78 78 78 0 49 49 49 49 49 49
0 0 0 0 0 0 0 0 0 0 0 0 0 0 0 0 0 76 76 76 76 76 76 76 76 76 76 76 76 76 76 0 0 0 0 0 0 0 0 0 0 0 77 77 77 77 77 77 77 77 77 77 77 77 77 77 0 0 0 0 0 0 0 0 0 0 0 0 0 0 0 0 0 0 0 0 0 0 0 0 0 0 0 0 0 0 0 0 0 0 0 0 21 21 21 21 21 21 21 21 21 21 21 21 21 21 21 0 0 0 0 0 0 0 0 0 0 0 0 0 0 0 0 0 0 0 0 0 0 0 0 0 0 0 0 0 0 0 0 0 0 0 0 0 0 0 0 0 0 0 0 16 16 16 16 16 16 16 16 16 16 16 16 16 16 16 0 0 0 0 0 0 0 0 0 0 0 0 0 0 78 78 78 78 78 78 78 78 78 78 78 78 78 0 49 49 49 49 49 49
0 0 0 0 0 0 0 0 0 0 0 0 0 0 0 0 0 76 76 76 76 76 76 76 76 76 76 76 76 76 76 0 0 0 0 0 0 0 0 0 0 0 77 77 77 77 77 77 77 77 77 77 77 77 77 77 0 38 38 38 38 0 0 0 0 0 0 0 0 0 0 0 0 0 0 0 0 0 0 0 0 0 0 0 0 0 0 0 0 0 0 0 21 21 21 21 21 21 21 21 21 21 21 21 21 21 21 0 0 0 0 0 0 0 0 0 0 0 0 0 0 0 0 0 0 0 0 0 0 0 0 0 0 0 0 0 0 0 0 0 0 0 0 0 0 0 0 0 0 0 16 16 16 16 16 16 16 16 16 16 16 16 16 16 16 16 0 0 0 0 0 0 0 0 0 0 0 0 0 0 0 78 78 78 78 78 78 78 78 78 78 78 78 0 49 49 49 49 49 49
0 0 0 0 0 0 0 0 0 0 0 0 0 0 0 0 0 76 76 76 76 76 76 76 76 76 76 76 76 76 76 0 0 0 0 0 0 0 0 0 0 0 77 77 77 77 77 77 77 77 77 77 77 77 77 77 0 38 38 38 38 0 0 0 0 0 0 0 0 0 0 0 0 0 0 0 0 0 0 0 0 0 0 0 0 0 0 0 0 0 0 0 21 21 21 21 21 21 21 21 21 21 21 21 21 21 21 0 0 0 0 0 0 0 0 0 0 0 0 0 0 0 0 0 0 0 0 0 0 0 0 0 0 0 0 0 0 0 0 0 0 0 0 0 0 0 0 0 0 0 16 16 16 16 16 16 16 16 16 16 16 16 16 16 16 16 0 0 0 0 0 0 0 0 0 0 0 0 0 0 0 0 0 0 0 0 0 0 0 0 0 0 0 49 49 49 49 49 49 49
0 0 0 0 0 79 79 79 79 79 79 79 79 79 79 79 0 76 76 76 76 76 76 76 76 76 76 76 76 76 76 0 0 0 0 0 0 0 0 0 0 0 77 77 77 77 77 77 77 77 77 77 77 77 77 77 0 38 38 38 38 0 0 0 0 0 0 0 0 0 0 0 0 0 0 0 0 0 0 0 0 0 0 0 0 0 0 0 0 0 0 0 21 21 21 21 21 21 21 21 21 21 21 21 21 21 21 21 0 0 0 0 0 0 0 0 0 0 0 0 0 0 0 0 0 0 0 0 0 0 0 0 0 0 0 0 0 0 0 0 0 0 0 0 0 0 0 0 0 0 16 16 16 16 16 16 16 16 16 16 16 16 16 16 16 16 0 0 0 0 0 0 0 0 0 0 0 0 0 0 0 0 0 0 0 0 0 0 0 0 0 0 0 0 0 0 0 0 0 0
0 0 0 0 0 79 79 79 79 79 79 79 79 79 79 79 0 76 76 76 76 76 76 76 76 76 76 76 76 76 76 0 0 0 0 0 0 0 0 0 0 0 77 77 77 77 77 77 77 77 77 77 77 77 77 77 0 38 38 38 38 0 0 0 0 0 0 0 0 0 0 0 0 0 0 0 0 0 0 0 0 0 0 0 0 0 0 0 0 0 0 0 21 21 21 21 21 21 21 21 21 21 21 21 21 21 21 21 0 0 0 0 0 0 0 0 0 0 0 0 0 0 0 0 0 0 0 0 0 0 0 0 0 0 0 0 0 0 0 0 0 0 0 0 0 0 0 0 0 0 0 0 0 0 0 0 0 0 0 0 0 0 0 0 0 0 0 0 0 0 0 0 0 0 0 0 0 0 0 0 0 0 0 0 0 0 0 0 0 0 0 0 0 0 0 0 0 0 0 0
0 0 0 0 0 79 79 79 79 79 79 79 79 79 79 79 0 76 76 76 76 76 76 76 76 76 76 76 76 76 76 0 0 0 0 0 0 0 0 0 0 0 0 0 0 0 0 0 0 0 0 0 0 0 0 0 38 38 38 38 38 0 0 0 0 0 0 0 0 0 0 0 0 0 0 0 0 0 0 0 0 0 0 0 0 0 0 0 0 0 0 0 21 21 21 21 21 21 21 21 21 21 21 21 21 21 21 21 0 0 0 0 0 0 0 0 0 0 0 0 0 0 0 0 0 0 0 0 0 0 0 0 0 0 0 0 0 0 0 0 0 0 0 0 0 0 0 0 0 0 0 0 0 0 0 0 0 0 0 0 0 0 0 0 0 0 0 0 0 0 0 0 0 0 0 0 0 0 0 0 0 0 0 0 0 0 0 0 0 0 0 0 0 0 0 0 0 0 0 0
0 0 0 0 0 79 79 79 79 79 79 79 79 79 79 79 0 76 76 76 76 76 76 76 76 76 76 76 76 76 76 0 0 0 0 0 0 0 0 0 0 0 0 0 38 38 38 38 38 38 38 38 38 38 38 38 38 38 38 38 38 0 0 0 0 0 0 0 0 0 0 0 0 0 0 0 0 0 0 0 0 0 0 0 0 0 0 0 0 0 0 0 21 21 21 21 21 21 21 21 21 21 21 21 21 21 21 21 0 0 0 0 0 0 0 0 0 0 0 0 0 0 0 0 0 0 0 0 0 0 0 0 0 0 0 0 0 0 0 0 0 0 0 0 0 0 0 0 0 0 0 0 0 0 0 0 0 0 0 0 0 0 0 0 0 0 0 0 0 0 0 0 0 0 0 0 0 0 0 0 0 0 0 0 0 0 0 0 0 0 0 0 0 0 0 0 0 0 0 0
0 0 0 0 0 79 79 79 79 79 79 79 79 79 79 79 0 76 76 76 76 76 76 76 76 76 76 76 76 76 76 0 0 0 0 0 0 0 0 0 0 0 0 0 38 38 38 38 38 38 38 38 38 38 38 38 38 38 38 38 38 0 0 0 0 0 0 0 0 0 0 0 0 0 0 0 0 0 0 0 0 0 0 0 0 0 0 0 0 0 0 0 21 21 21 21 21 21 21 21 21 21 21 21 21 21 21 21 0 0 0 0 0 0 0 0 0 0 0 0 0 0 0 0 0 0 0 0 0 0 0 0 0 0 0 0 0 0 0 0 0 0 0 0 0 0 0 0 0 0 0 0 0 0 0 0 0 0 0 0 0 0 0 0 0 0 0 0 0 0 0 0 0 0 0 0 0 0 0 0 0 0 0 0 0 0 0 0 0 0 0 0 0 0 0 0 0 0 0 0
0 0 0 0 0 79 79 79 79 79 79 79 79 79 79 79 0 76 76 76 76 76 76 76 76 76 76 76 76 76 76 0 0 0 0 0 0 0 0 0 0 0 0 0 38 38 38 38 38 38 38 38 38 38 38 38 38 38 38 38 38 0 64 64 64 64 64 64 64 64 64 64 64 0 0 0 0 0 0 0 0 0 0 0 0 0 0 0 0 0 0 0 21 21 21 21 21 21 21 21 21 21 21 21 21 21 21 21 0 0 0 0 0 0 0 0 0 0 0 0 0 0 0 0 0 0 0 0 0 0 0 0 0 0 0 0 0 0 0 0 0 0 0 0 0 0 0 0 0 0 0 0 0 0 0 0 0 0 0 0 0 0 0 0 0 0 0 0 0 0 0 0 0 0 0 0 0 0 0 0 0 0 0 0 0 0 0 0 0 0 0 0 0 0 0 0 0 0 0 0
0 0 0 0 0 79 79 79 79 79 79 79 79 79 79 79 0 76 76 76 76 76 76 76 76 76 76 76 76 76 76 0 0 0 0 0 0 0 0 0 0 0 0 0 38 38 38 38 38 38 38 38 38 38 38 38 38 38 38 38 38 0 64 64 64 64 64 64 64 64 64 64 64 0 0 0 0 0 0 0 0 0 0 0 0 0 0 0 0 0 0 0 21 21 21 21 21 21 21 21 21 21 21 21 21 21 21 21 0 0 0 0 0 0 0 0 0 0 0 0 0 0 0 0 0 0 0 0 0 0 0 0 0 0 0 0 0 0 0 0 0 0 0 0 0 0 0 0 0 0 0 0 0 0 0 0 0 0 0 0 0 0 0 0 0 0 0 0 0 0 0 0 0 0 0 0 0 0 0 0 0 0 0 0 0 0 0 0 0 0 0 0 0 0 0 0 0 0 0 0
0 0 0 0 0 79 79 79 79 79 79 79 79 79 79 79 0 76 76 76 76 76 76 76 76 76 76 76 76 76 76 0 0 0 0 0 0 0 0 0 0 0 0 0 38 38 38 38 38 38 38 38 38 38 38 38 38 38 38 38 38 0 64 64 64 64 64 64 64 64 64 64 64 0 0 0 0 0 0 0 0 0 0 0 0 0 0 0 0 0 0 0 21 21 21 21 21 21 21 21 21 21 21 21 21 21 21 21 0 0 0 0 0 0 0 0 0 0 0 0 0 0 0 0 0 0 0 0 0 0 0 0 0 0 0 0 0 0 0 0 0 0 0 0 0 0 0 0 0 0 0 0 0 0 0 0 0 0 0 0 0 0 0 0 0 0 0 0 0 0 0 0 0 0 0 0 0 0 0 0 0 0 0 0 0 0 0 0 0 0 0 0 0 0 0 0 0 0 0 0
0 0 0 0 0 0 79 79 79 79 79 79 79 79 79 79 79 0 0 0 0 0 0 0 0 0 0 0 0 0 0 0 0 0 0 0 0 0 0 0 0 0 0 0 38 38 38 38 38 38 38 38 38 38 38 38 38 38 38 38 38 0 64 64 64 64 64 64 64 64 64 64 64 0 0 0 0 0 0 0 0 0 0 0 0 0 0 0 0 0 0 0 21 21 21 21 21 21 21 21 21 21 21 21 21 21 21 21 0 0 0 0 0 0 0 0 0 0 0 0 0 0 0 0 0 0 0 0 0 0 0 0 0 0 0 0 0 0 0 0 0 0 0 0 0 0 0 0 0 0 0 0 0 0 0 0 0 0 0 0 0 0 0 0 0 0 0 0 0 0 0 0 0 0 0 0 0 0 0 0 0 0 0 99 99 99 99 99 99 99 99 99 99 99 0 0 0 0 0 0
0 0 0 0 0 0 79 79 79 79 79 79 79 79 79 79 79 79 0 0 0 0 0 0 0 0 0 0 0 0 0 0 0 0 0 0 0 0 0 0 0 0 0 0 38 38 38 38 38 38 38 38 38 38 38 38 38 38 38 38 38 0 64 64 64 64 64 64 64 64 64 64 64 0 0 0 0 0 0 0 0 0 0 0 0 0 0 0 0 0 0 0 0 0 0 0 0 0 0 0 0 0 0 0 0 0 0 0 0 0 0 0 0 0 0 0 0 0 0 0 0 0 0 0 0 0 0 0 0 0 0 0 0 0 0 0 0 0 0 0 0 0 0 0 0 0 0 0 0 0 0 0 0 0 0 0 0 0 0 0 0 0 0 0 0 0 0 0 0 0 0 0 0 0 0 0 0 0 0 0 0 0 0 99 99 99 99 99 99 99 99 99 99 99 0 0 0 0 0 0
0 0 0 0 0 0 79 79 79 79 79 79 79 79 79 79 79 79 0 0 0 0 0 0 0 0 0 0 0 0 0 0 0 0 0 0 0 0 0 0 0 0 0 0 38 38 38 38 38 38 38 38 38 38 38 38 38 38 38 38 38 0 0 64 64 64 64 64 64 64 64 64 64 0 0 0 0 0 0 0 0 0 0 0 0 0 0 0 0 0 0 0 0 0 0 0 0 0 0 0 0 0 0 0 0 0 0 0 0 0 0 0 0 0 0 0 0 0 0 0 0 0 0 0 0 0 0 0 0 0 0 0 0 0 0 0 0 0 0 0 0 0 0 0 0 0 0 0 0 0 0 0 0 0 0 0 0 0 0 0 0 0 0 0 0 0 0 0 0 0 0 0 0 0 0 0 0 0 0 0 0 0 0 0 99 99 99 99 99 99 99 99 99 99 0 0 0 0 0 0
0 0 0 0 0 0 79 79 79 79 79 79 79 79 79 79 79 79 0 0 0 0 0 0 0 0 0 0 0 0 0 0 0 0 0 0 0 0 0 0 0 0 0 0 38 38 38 38 38 38 38 38 38 38 38 38 38 38 38 38 38 0 0 64 64 64 64 64 64 64 64 64 64 0 0 0 0 0 0 0 0 0 0 0 0 0 0 0 0 0 0 0 0 0 0 0 0 0 0 0 0 0 0 0 0 0 0 0 0 0 0 0 0 0 0 0 0 0 0 0 0 0 0 0 0 0 0 0 0 0 0 0 0 0 0 0 0 0 0 0 0 0 0 0 0 0 0 0 0 0 0 0 0 0 0 0 0 0 0 0 0 0 0 0 0 0 0 0 0 0 0 0 0 0 0 0 0 0 0 0 0 0 0 0 99 99 99 99 99 99 99 99 99 99 0 0 0 0 0 0
0 0 0 0 0 0 79 79 79 79 79 79 79 79 79 79 79 79 0 0 0 0 0 0 0 0 0 0 0 0 0 0 0 0 0 0 0 0 0 0 0 0 0 0 38 38 38 38 38 38 38 38 38 38 38 38 38 38 38 38 38 0 0 64 64 64 64 64 64 64 64 64 64 0 0 0 0 0 0 0 0 0 0 0 0 0 0 0 0 0 0 0 0 0 0 0 0 0 0 0 0 0 0 0 0 0 0 0 0 0 0 0 0 0 0 0 0 0 0 0 0 0 0 0 0 0 0 0 0 0 0 0 0 0 0 0 0 0 0 0 0 0 0 0 0 0 0 0 0 0 0 0 0 0 0 0 0 0 0 0 0 0 0 0 0 0 0 0 0 0 0 0 0 0 0 0 0 0 0 0 0 0 0 0 99 99 99 99 99 99 99 99 99 99 0 0 0 0 0 0
0 0 0 0 0 0 0 0 0 0 0 0 0 0 0 0 0 0 0 0 0 0 0 0 0 0 0 0 0 0 0 0 0 0 0 0 0 0 0 0 0 0 0 0 0 0 0 0 0 0 38 38 38 38 38 38 0 0 0 0 0 29 0 64 64 64 64 64 64 64 64 64 64 0 0 0 0 0 0 0 0 0 0 0 0 0 0 0 0 0 0 0 0 0 0 0 0 0 0 0 0 0 0 0 0 0 0 0 0 0 0 0 0 0 0 0 0 0 0 0 0 0 0 0 0 0 0 0 0 0 0 0 0 0 0 0 0 0 0 0 0 0 0 0 0 0 0 0 0 0 0 0 0 0 0 0 0 0 0 0 0 0 0 0 0 0 0 0 0 0 0 0 0 0 0 0 0 0 0 0 0 0 0 0 99 99 99 99 99 99 99 99 99 99 0 0 0 0 0 0
0 0 0 0 0 0 0 0 0 0 0 0 0 0 0 0 0 0 0 0 0 0 0 0 0 0 0 0 0 0 0 0 0 0 0 0 0 0 0 0 0 0 0 0 0 0 0 0 0 0 0 0 0 0 0 0 0 0 29 29 29 29 0 64 64 64 64 64 64 64 64 64 64 0 0 29 0 0 0 0 0 0 0 0 0 0 0 0 0 0 0 0 0 0 0 0 0 0 0 0 0 0 0 0 0 0 0 0 0 0 0 0 0 0 0 0 0 0 0 0 0 0 0 0 0 0 0 0 0 0 0 0 0 0 0 0 0 0 0 0 0 0 0 0 0 0 0 0 0 0 0 0 0 0 0 0 0 0 0 0 0 0 0 0 0 0 0 0 0 0 0 0 0 0 0 0 0 0 0 0 0 0 0 0 99 99 99 99 99 99 99 99 99 99 0 0 0 0 0 0
0 0 0 0 0 0 0 0 0 0 0 0 0 0 0 0 0 0 0 0 0 0 0 0 0 0 0 0 0 0 0 0 0 0 0 0 0 0 0 0 0 0 0 0 0 0 0 0 0 0 0 0 0 0 0 0 0 0 29 29 29 29 0 64 64 64 64 64 64 64 64 64 64 0 29 29 0 0 0 0 0 0 0 0 0 0 0 0 0 0 0 0 0 0 0 0 0 0 0 0 0 0 0 0 0 0 0 0 0 0 0 0 0 0 0 0 0 0 0 0 0 0 0 0 0 0 0 0 0 0 0 0 0 0 0 0 0 0 0 0 0 0 0 0 0 0 0 0 0 0 0 0 0 0 0 0 0 0 0 0 0 0 0 0 0 0 0 0 0 0 0 0 0 0 0 0 0 0 0 0 0 0 0 0 99 99 99 99 99 99 99 99 99 99 0 0 0 0 0 0
0 0 0 0 0 0 0 0 0 0 0 0 0 0 0 0 0 0 0 0 0 0 0 0 0 0 0 0 0 0 0 0 0 0 0 0 0 0 0 0 0 0 0 0 0 0 0 0 0 0 0 0 0 0 0 0 0 0 29 29 29 29 29 0 0 0 0 0 0 0 0 0 0 29 29 29 0 0 0 0 0 0 0 0 0 0 0 0 0 0 0 0 0 0 0 0 0 0 0 0 0 0 0 0 0 0 0 0 0 0 0 0 0 0 0 0 0 0 0 0 0 0 0 0 0 0 0 0 0 0 0 0 0 0 0 0 0 0 0 0 0 0 0 0 0 0 0 0 0 0 0 0 0 0 0 0 0 0 0 0 0 0 0 0 0 0 0 0 0 0 0 0 0 0 0 0 0 0 0 0 0 0 0 0 99 99 99 99 99 99 99 99 99 99 0 0 0 0 0 0
0 0 0 0 0 0 0 0 0 0 0 0 0 0 0 0 0 0 0 0 0 0 0 0 0 0 0 0 0 0 0 0 0 0 0 0 0 0 0 0 0 0 0 0 0 0 0 0 0 0 0 0 0 0 0 0 0 0 29 29 29 29 29 29 29 29 29 29 29 29 29 29 29 29 29 29 0 0 0 0 0 0 0 0 0 0 0 0 0 0 0 0 0 0 0 0 0 0 0 0 0 0 0 0 0 0 0 0 0 0 0 0 0 0 55 55 55 55 55 55 55 55 55 55 55 0 0 0 0 0 0 0 0 0 0 0 0 0 0 0 0 0 0 0 0 0 0 0 0 0 0 0 0 0 0 0 0 0 0 0 0 0 0 0 0 0 0 0 0 0 0 0 0 0 0 0 0 0 0 0 0 0 0 0 99 99 99 99 99 99 99 99 99 99 0 0 0 0 0 0
0 0 0 0 0 0 0 0 0 0 0 0 0 0 0 0 0 0 0 0 0 0 0 0 0 0 0 0 0 0 0 0 0 0 0 0 0 0 0 0 0 0 0 0 0 0 0 0 0 0 0 0 0 0 0 0 0 0 29 29 29 29 29 29 29 29 29 29 29 29 29 29 29 29 29 29 0 0 0 0 0 0 0 0 0 0 0 0 0 0 0 0 0 0 0 0 0 0 0 0 0 0 0 0 0 0 0 0 0 0 0 0 0 0 55 55 55 55 55 55 55 55 55 55 55 0 0 0 0 0 0 0 0 0 0 0 0 0 0 0 0 0 0 0 0 0 0 0 0 0 0 0 0 0 0 0 0 0 0 0 0 0 0 0 0 0 0 0 0 0 0 0 0 0 0 0 0 0 0 0 0 0 0 0 99 99 99 99 99 99 99 99 99 99 0 0 0 0 0 0
0 0 0 0 0 0 0 0 0 0 0 0 0 0 0 0 0 0 0 0 0 0 0 0 0 0 0 0 0 0 0 0 0 0 0 0 0 0 0 0 0 0 0 0 0 0 0 0 0 0 0 0 0 0 0 0 0 0 29 29 29 29 29 29 29 29 29 29 29 29 29 29 29 29 29 29 0 0 0 0 0 0 0 0 0 0 35 35 35 35 35 35 35 35 35 35 35 35 35 35 0 0 0 0 0 0 0 0 0 0 0 0 0 0 55 55 55 55 55 55 55 55 55 55 55 0 0 0 0 0 0 0 0 0 0 0 0 0 0 0 0 0 0 0 0 0 0 0 0 0 0 0 0 0 0 0 0 0 0 0 0 0 0 0 0 0 0 0 0 0 0 0 0 0 0 0 0 0 0 0 0 0 0 0 0 0 0 0 0 0 0 0 0 0 0 0 0 0 0 0
0 0 0 0 0 0 0 0 0 0 0 0 0 0 0 0 0 0 0 0 0 0 0 0 0 0 0 0 0 0 0 0 0 0 0 0 0 0 0 0 0 0 0 0 0 0 0 0 0 0 0 0 0 0 0 0 0 0 29 29 29 29 29 29 29 29 29 29 29 29 29 29 29 29 29 29 0 0 0 0 0 0 0 0 0 0 35 35 35 35 35 35 35 35 35 35 35 35 35 35 0 0 0 0 0 0 0 0 0 0 0 0 0 0 55 55 55 55 55 55 55 55 55 55 55 0 0 0 0 0 0 0 0 0 0 0 0 0 0 0 0 0 0 0 0 0 0 0 0 0 0 0 0 0 0 0 0 0 0 0 0 0 0 0 0 0 0 0 0 0 0 0 0 0 0 0 0 0 0 0 0 0 0 0 0 0 0 0 0 0 0 0 0 0 0 0 0 0 0 0
0 0 0 0 0 0 0 0 0 0 0 0 0 0 0 0 0 0 0 0 0 0 0 0 0 0 0 0 0 0 0 0 0 0 0 0 0 0 0 0 0 0 0 0 0 0 0 0 0 0 0 0 0 0 0 0 0 0 29 29 29 29 29 29 29 29 29 29 29 29 29 29 29 29 29 29 0 0 0 0 0 0 0 0 0 0 35 35 35 35 35 35 35 35 35 35 35 35 35 35 0 0 0 0 0 0 0 0 0 0 0 0 0 0 55 55 55 55 55 55 55 55 55 55 55 0 0 0 0 0 0 0 0 0 0 0 0 0 0 0 0 0 0 0 0 0 0 0 0 0 0 0 0 0 0 0 0 0 0 0 0 0 0 0 0 0 0 0 0 0 0 0 0 0 0 0 0 0 0 0 0 0 0 0 0 0 0 0 0 0 0 0 0 0 0 0 0 0 0 0
0 0 0 0 0 0 0 0 0 0 0 0 0 0 0 0 0 0 0 0 0 0 0 0 0 0 0 0 0 0 0 0 0 0 0 0 0 0 0 0 0 0 0 0 0 0 0 0 0 0 0 0 0 0 0 0 0 0 29 29 29 29 29 29 29 29 29 29 29 29 29 29 29 29 29 29 0 0 0 0 0 0 0 0 0 0 35 35 35 35 35 35 35 35 35 35 35 35 35 35 0 0 0 0 0 0 0 0 0 0 0 0 0 0 55 55 55 55 55 55 55 55 55 55 55 0 0 0 0 0 0 0 0 0 0 0 0 0 0 0 0 0 0 0 0 0 0 0 0 0 0 0 0 0 0 0 0 0 0 0 0 0 0 0 0 0 0 0 0 0 0 0 0 0 0 0 0 0 0 0 0 0 0 0 0 0 0 0 0 0 0 0 0 0 0 0 0 0 0 0
0 0 0 0 0 0 0 0 0 0 0 0 0 0 0 0 0 0 0 0 0 0 0 0 0 0 0 0 0 0 0 0 0 0 0 0 0 0 0 0 0 0 0 0 0 0 0 0 0 0 0 0 0 0 0 0 0 0 29 29 29 29 29 29 29 29 29 29 29 29 29 29 29 29 29 29 0 0 0 0 0 0 0 0 0 0 35 35 35 35 35 35 35 35 35 35 35 35 35 35 0 0 0 0 0 0 0 0 0 0 0 0 0 0 55 55 55 55 55 55 55 55 55 55 55 0 0 0 0 0 0 0 0 0 0 0 0 0 0 0 0 0 0 0 0 0 0 0 0 0 0 0 0 0 0 0 0 0 0 0 0 0 0 0 0 0 0 0 0 0 0 0 0 0 0 0 0 0 0 0 0 0 0 0 0 0 0 0 0 0 0 0 0 0 0 0 0 0 0 0
0 0 43 43 43 43 43 43 43 43 43 43 43 0 0 0 0 0 0 0 0 0 0 0 0 0 0 0 0 0 0 0 0 0 0 0 0 0 0 0 0 0 0 0 0 0 0 0 0 0 0 0 0 0 0 0 0 0 29 29 29 29 29 29 29 29 29 29 29 29 29 29 29 29 29 29 0 0 0 0 0 0 0 0 0 0 35 35 35 35 35 35 35 35 35 35 0 0 0 0 0 0 0 0 0 0 0 0 0 0 0 0 0 0 55 55 55 55 55 55 55 55 55 55 55 0 0 0 0 0 0 0 0 0 0 0 0 0 0 0 0 0 0 0 0 0 0 0 0 0 0 0 0 0 0 0 0 0 0 0 0 0 0 0 0 0 0 0 0 0 0 0 0 0 0 0 0 0 0 0 0 0 0 0 0 0 0 0 0 0 0 0 0 0 0 0 0 0 0 0
0 0 43 43 43 43 43 43 43 43 43 43 43 0 0 0 0 0 0 0 0 0 0 0 0 0 0 0 0 0 0 0 0 0 0 0 0 0 0 0 0 0 0 0 0 0 0 0 0 0 0 0 0 0 0 0 0 0 29 29 29 29 29 29 29 29 29 29 29 29 29 29 29 29 29 29 0 0 0 0 0 0 0 0 0 0 35 35 35 35 35 35 35 35 35 0 83 83 83 83 83 83 83 83 83 83 83 83 83 83 83 83 83 0 55 55 55 55 55 55 55 55 55 55 55 0 0 0 0 0 0 0 0 0 0 0 0 0 0 0 0 0 0 0 0 0 0 0 0 0 0 0 0 0 0 0 0 0 0 0 0 0 0 0 0 0 0 0 0 0 0 0 0 0 0 0 0 0 0 0 0 0 0 0 0 0 0 0 0 0 0 0 0 0 0 0 0 0 0 0
0 0 43 43 43 43 43 43 43 43 43 43 43 0 0 0 0 0 0 0 0 0 0 0 0 0 0 0 0 0 0 0 0 0 0 0 0 0 0 0 0 0 0 0 0 0 0 0 0 0 0 0 0 0 0 0 0 0 29 29 29 29 29 29 29 29 29 29 29 29 29 29 29 29 29 29 0 0 0 0 0 0 0 0 0 0 35 35 35 35 35 35 35 35 35 0 83 83 83 83 83 83 83 83 83 83 83 83 83 83 83 83 83 0 55 55 55 55 55 55 55 55 55 55 55 0 0 0 0 0 0 0 0 0 0 0 0 0 0 0 0 0 0 0 0 0 0 0 0 0 0 0 0 0 0 0 0 0 0 0 0 0 0 0 0 0 0 0 0 0 0 0 0 0 0 0 0 0 0 0 0 0 0 0 0 0 0 0 0 0 0 0 0 0 0 0 0 0 0 0
0 0 43 43 43 43 43 43 43 43 43 43 43 0 0 0 0 0 0 0 0 0 0 0 0 0 0 0 0 0 0 0 0 0 0 0 0 0 0 0 0 0 0 0 0 0 0 0 0 0 0 0 0 0 0 0 0 0 0 0 0 0 0 0 0 0 0 0 0 0 0 0 0 0 0 0 0 0 0 0 0 0 0 0 0 0 35 35 35 35 35 35 35 35 35 0 83 83 83 83 83 83 83 83 83 83 83 83 83 83 83 83 83 0 0 55 55 55 55 55 55 55 55 55 55 0 0 0 0 0 0 0 0 0 0 0 0 0 0 0 0 0 0 0 0 0 0 0 0 0 0 0 0 0 0 0 0 0 0 0 0 0 0 0 0 0 0 0 0 0 0 0 0 0 0 0 0 0 0 0 0 0 0 0 0 0 0 0 0 0 0 0 0 0 0 0 0 0 0 0
0 0 43 43 43 43 43 43 43 43 43 43 43 0 0 0 0 0 0 0 0 0 0 0 0 0 0 0 0 0 0 0 0 0 0 0 0 0 0 0 0 0 0 0 0 0 0 0 0 0 0 0 0 0 0 0 0 0 0 0 0 0 0 0 0 0 0 0 0 0 0 0 0 0 0 0 0 0 0 0 0 0 0 0 0 0 35 35 35 35 35 35 35 35 35 0 83 83 83 83 83 83 83 83 83 83 83 83 83 83 83 83 83 0 0 0 0 0 0 0 0 0 0 0 0 0 0 0 0 0 0 0 0 0 0 0 0 0 0 0 0 0 0 0 0 0 0 0 0 0 0 0 0 0 0 0 0 0 0 0 0 0 0 0 0 0 0 0 0 0 0 0 0 0 0 0 0 0 0 0 0 0 0 0 0 0 0 0 0 0 0 0 0 0 0 0 0 0 0 0
0 0 43 43 43 43 43 43 43 43 43 43 43 0 0 0 0 0 0 0 0 0 0 0 0 0 0 0 0 0 0 0 0 0 0 0 0 0 0 0 0 0 0 0 0 0 0 0 0 0 0 0 0 0 0 0 0 0 0 0 0 0 0 0 0 0 0 0 0 0 0 0 0 0 0 0 0 0 0 0 0 0 0 0 0 0 35 35 35 35 35 35 35 35 35 35 0 83 83 83 83 83 83 83 83 83 83 83 83 83 83 83 83 0 0 0 0 0 0 0 0 0 0 0 0 0 0 0 0 0 0 0 0 0 0 0 0 0 0 0 0 0 0 0 0 0 0 0 0 0 0 0 0 0 0 0 0 0 0 0 0 0 0 0 0 0 0 0 0 0 0 0 0 0 0 0 0 0 0 0 0 0 0 0 0 0 0 0 0 0 0 0 0 0 0 0 0 0 0 0
0 0 43 43 43 43 43 43 43 43 43 43 43 0 0 0 0 0 0 0 0 0 0 0 0 0 0 0 0 0 0 0 0 0 0 0 0 0 0 0 0 0 0 0 0 0 0 0 0 0 0 0 0 0 0 0 0 0 0 0 0 0 0 0 0 0 0 0 0 0 0 0 0 0 0 0 0 0 0 0 0 0 0 0 0 0 35 35 35 35 35 35 35 35 35 35 0 83 83 83 83 83 83 83 83 83 83 83 83 83 83 83 83 0 0 0 0 0 0 0 0 0 0 0 0 0 0 0 0 0 0 0 0 0 0 0 0 0 0 0 0 0 0 0 0 0 0 0 0 0 0 0 0 0 0 0 0 0 0 0 0 0 0 0 0 0 0 0 0 0 0 0 0 0 0 0 0 0 0 0 0 0 0 0 0 0 0 0 0 0 0 0 0 0 0 0 0 0 0 0
0 0 43 43 43 43 43 43 43 43 43 43 43 0 0 0 0 0 0 0 0 0 0 0 0 0 0 0 0 0 0 0 0 0 0 0 0 0 0 0 0 0 0 0 0 0 0 0 0 0 0 0 0 0 0 0 0 0 0 0 0 0 0 0 0 0 0 0 0 0 0 0 0 0 0 0 0 0 0 0 0 0 0 0 0 0 35 0 0 0 0 0 0 0 0 0 0 83 83 83 83 83 83 83 83 83 83 83 83 83 83 83 83 0 0 0 0 0 0 0 0 0 0 0 0 0 0 0 0 0 0 0 0 0 0 0 0 0 0 0 0 0 0 0 0 0 0 0 0 0 0 0 0 0 0 0 0 0 0 0 0 0 0 0 0 0 0 0 0 0 0 0 0 0 0 0 0 0 0 0 0 0 0 0 0 0 0 0 0 0 0 0 0 0 0 0 0 0 0 0
0 0 43 43 43 43 43 43 43 43 43 43 43 0 0 0 0 0 0 0 0 0 0 0 0 0 0 0 0 0 0 0 0 0 0 0 0 0 0 0 0 0 0 0 0 0 0 0 0 0 0 0 0 0 0 0 0 0 0 0 0 0 0 0 0 0 0 0 0 0 0 0 0 0 0 0 0 0 0 0 0 0 0 0 0 0 0 69 69 69 69 69 69 69 69 69 0 83 83 83 83 83 83 83 83 83 83 83 83 83 83 83 83 0 0 0 0 0 0 0 0 0 0 0 0 0 0 0 0 0 0 0 0 0 0 0 0 0 0 0 0 0 0 0 0 0 0 0 0 0 0 0 0 0 0 0 0 0 0 0 0 0 0 0 0 0 0 0 0 0 0 0 0 0 0 0 0 0 0 0 0 0 0 0 0 0 0 0 0 0 0 0 0 0 0 0 0 0 0 0
0 0 43 43 43 43 43 43 43 43 43 43 43 0 0 0 0 0 0 0 0 0 0 0 0 0 0 0 0 0 0 0 0 0 0 0 0 0 0 0 0 0 0 0 0 0 0 90 90 90 90 90 90 90 90 90 90 90 90 90 90 0 0 0 0 0 0 0 0 0 0 0 0 0 0 0 0 0 0 0 0 0 0 0 0 0 0 69 69 69 69 69 69 69 69 69 0 83 83 83 83 83 83 83 83 83 83 83 83 83 83 83 83 0 0 0 0 0 0 0 0 0 0 0 0 0 0 0 0 0 0 0 0 0 0 0 0 0 0 0 0 0 0 0 0 0 0 0 0 0 0 0 0 0 0 0 0 0 0 0 0 0 0 0 0 0 0 0 0 0 0 0 0 0 0 0 0 0 0 0 0 0 0 0 0 0 0 0 0 0 0 0 0 0 0 0 0 0 0 0
0 0 43 43 43 43 43 43 43 43 43 43 43 0 0 0 0 0 0 0 0 0 0 0 0 0 0 0 0 0 0 0 0 0 0 0 0 0 0 0 0 0 0 0 0 90 90 90 90 90 90 90 90 90 90 90 90 90 90 90 90 0 0 0 0 0 0 0 0 0 0 0 0 0 0 0 0 0 0 0 0 0 0 0 0 0 0 69 69 69 69 69 69 69 69 69 0 83 83 83 83 83 83 83 83 83 83 83 83 83 83 83 83 0 0 0 0 0 0 0 0 0 0 0 0 0 0 0 0 0 0 0 0 0 0 0 0 0 0 0 0 0 0 0 0 0 0 0 0 0 0 0 0 0 0 0 0 0 0 0 0 0 0 0 0 0 0 0 0 0 0 0 0 0 0 0 0 0 0 0 0 0 0 0 0 0 0 0 0 0 0 0 0 0 0 0 0 0 0 0
0 0 43 43 43 43 43 43 43 43 43 43 43 0 62 62 0 0 0 0 0 0 0 0 0 0 0 0 0 0 0 0 0 0 0 0 0 0 0 0 0 0 0 0 0 90 90 90 90 90 90 90 90 90 90 90 90 90 90 90 90 0 0 0 0 0 0 0 0 0 0 0 0 0 0 0 0 0 0 0 0 0 0 0 0 0 0 69 69 69 69 69 69 69 69 69 0 83 83 83 83 83 83 83 83 83 83 83 83 83 83 83 83 0 0 0 0 0 0 0 0 0 0 0 0 0 0 0 0 0 0 0 0 0 0 0 0 0 0 0 0 0 0 0 0 0 0 0 0 0 0 0 0 0 0 0 0 0 0 0 0 0 0 0 0 0 0 0 0 0 0 0 0 0 0 0 0 0 0 0 0 0 0 0 0 0 0 0 0 0 0 0 0 0 0 0 0 0 0 0
0 0 0 0 0 0 0 0 0 0 0 0 0 62 62 62 0 0 0 0 0 0 0 0 0 0 0 0 0 0 0 0 0 0 0 0 0 0 0 0 0 0 0 0 0 90 90 90 90 90 90 90 90 90 90 90 90 90 90 90 90 0 0 0 0 0 0 0 0 0 0 0 0 0 0 0 0 0 0 0 0 0 0 0 0 0 0 69 69 69 69 69 69 69 69 69 0 83 83 83 83 83 83 83 83 83 83 83 83 83 83 83 83 0 0 0 0 0 0 0 0 0 0 0 0 0 0 0 0 0 0 0 0 0 0 0 0 0 0 0 0 0 0 0 0 0 0 46 46 46 46 46 46 46 46 46 46 46 46 46 46 46 46 46 0 0 0 0 0 0 0 0 0 0 0 0 0 0 0 0 0 0 0 0 0 0 0 0 0 0 0 0 0 0 0 0 0 0 0 0
0 0 0 62 62 62 62 62 62 62 62 62 62 62 62 62 0 0 0 0 0 0 0 0 0 0 0 0 0 0 0 0 0 0 0 0 0 0 0 0 0 0 0 0 0 90 90 90 90 90 90 90 90 90 90 90 90 90 90 90 90 0 0 0 0 0 0 0 0 0 0 0 0 0 0 0 0 0 0 0 0 0 0 0 0 0 0 69 69 69 69 69 69 69 69 69 0 83 83 83 83 83 83 83 83 83 83 83 83 0 0 0 0 0 0 0 0 0 0 0 0 0 0 0 0 0 0 0 0 0 0 0 0 0 0 0 0 0 0 0 0 0 0 0 0 0 0 46 46 46 46 46 46 46 46 46 46 46 46 46 46 46 46 46 0 0 0 0 0 0 0 0 0 0 0 0 0 0 0 0 0 0 0 0 0 0 0 0 0 0 0 0 0 0 0 0 0 0 0 0
0 0 0 62 62 62 62 62 62 62 62 62 62 62 62 62 0 0 0 0 0 0 0 0 0 0 0 0 0 0 0 0 0 0 0 0 0 0 0 0 0 0 0 0 0 90 90 90 90 90 90 90 90 90 90 90 90 90 90 90 90 0 0 0 0 0 0 0 0 0 0 0 0 0 0 0 0 0 0 0 0 0 0 0 0 0 0 69 69 69 69 69 69 69 69 69 0 83 83 83 83 83 83 83 83 83 83 83 0 42 42 42 42 42 42 42 42 42 42 42 42 42 42 42 0 0 0 0 0 0 0 0 0 0 0 0 0 0 0 0 0 0 0 0 0 0 0 46 46 46 46 46 46 46 46 46 46 46 46 46 46 46 46 46 0 0 0 0 0 0 0 0 0 0 0 0 0 0 0 0 0 0 0 0 0 0 0 0 0 0 0 0 0 0 0 0 0 0 0 0
0 0 0 62 62 62 62 62 62 62 62 62 62 62 62 62 0 0 0 0 0 0 0 0 0 0 0 0 0 0 0 0 0 0 0 0 0 0 0 0 0 0 0 0 0 90 90 90 90 90 90 90 90 90 90 90 90 90 90 90 90 0 0 0 0 0 0 0 0 0 0 0 0 0 0 0 0 0 0 0 0 0 0 0 0 0 0 69 69 69 69 69 69 69 69 69 0 83 83 83 83 83 83 83 83 83 83 83 0 42 42 42 42 42 42 42 42 42 42 42 42 42 42 42 0 0 0 0 0 0 0 0 0 0 0 0 0 0 0 0 0 0 0 0 0 0 0 46 46 46 46 46 46 46 46 46 46 46 46 46 46 46 46 46 0 0 0 0 0 0 0 0 0 0 0 0 0 0 0 0 0 0 0 0 0 0 0 0 0 0 0 0 0 0 0 0 0 0 0 0
0 0 0 62 62 62 62 62 62 62 62 62 62 62 62 62 0 0 0 0 0 0 0 0 0 0 0 0 0 0 0 0 0 0 0 0 0 0 0 0 0 0 0 0 0 90 90 90 90 90 90 90 90 90 90 90 90 0 0 0 0 0 0 0 0 0 0 0 0 0 0 0 0 0 0 0 0 0 0 0 0 0 0 0 0 0 0 69 69 69 69 69 69 69 69 69 0 83 83 83 83 83 83 83 83 83 83 83 0 42 42 42 42 42 42 42 42 42 42 42 42 42 42 42 0 0 0 0 0 0 0 0 0 0 0 0 0 0 0 0 0 0 0 0 0 0 0 46 46 46 46 46 46 46 46 46 46 46 46 46 46 46 46 46 0 0 0 0 0 0 0 0 0 0 0 0 61 61 61 61 61 61 61 61 61 61 61 0 0 0 0 0 0 0 0 0 0 0 0 0
0 0 0 0 62 62 62 62 62 62 62 62 62 62 62 62 0 0 0 0 0 0 0 0 0 0 0 0 0 0 0 0 0 0 0 0 0 0 0 0 0 0 0 0 0 90 90 90 90 90 90 90 90 90 90 90 0 81 81 81 81 81 81 81 81 81 81 81 81 0 0 0 0 0 0 0 0 0 0 0 0 0 0 0 0 0 0 69 69 69 69 69 69 69 69 69 0 83 83 83 83 83 83 83 83 83 83 83 0 42 42 42 42 42 42 42 42 42 42 42 42 42 42 42 0 0 0 0 0 0 0 0 0 0 0 0 0 0 0 0 0 0 0 0 0 0 0 46 46 46 46 46 46 46 46 46 46 46 46 46 46 46 46 46 0 0 0 0 0 0 0 0 0 0 0 0 61 61 61 61 61 61 61 61 61 61 61 0 0 0 0 0 0 0 0 0 0 0 0 0
0 0 0 0 62 62 62 62 62 62 62 62 62 62 62 62 0 0 0 0 0 0 0 0 0 0 0 0 0 0 0 0 0 0 0 0 0 0 0 0 0 0 0 0 0 90 90 90 0 0 0 0 0 0 0 0 0 0 81 81 81 81 81 81 81 81 81 81 81 0 0 0 0 0 0 0 0 0 0 0 0 0 0 0 0 0 0 69 69 69 69 69 69 69 69 69 69 0 0 0 0 0 0 0 0 0 0 0 0 42 42 42 42 42 42 42 42 42 42 42 42 42 42 42 0 0 0 0 0 0 0 0 0 0 0 0 0 0 0 0 0 0 0 0 0 0 0 46 46 46 46 46 46 46 46 46 46 46 46 46 46 46 46 46 46 0 0 0 0 0 0 0 0 0 0 0 61 61 61 61 61 61 61 61 61 61 61 0 0 0 0 0 0 0 0 0 0 0 0 0
0 0 0 0 62 62 62 62 62 62 62 62 62 62 62 62 0 0 0 0 0 0 0 0 0 0 0 0 0 0 0 0 0 0 0 0 0 0 0 0 0 0 0 0 0 0 0 0 94 94 94 94 94 94 94 94 94 94 0 81 81 81 81 81 81 81 81 81 81 0 0 0 0 0 0 0 0 0 0 0 0 0 0 0 0 0 0 69 69 69 69 69 69 69 69 69 69 69 69 69 69 0 0 0 0 0 0 0 0 42 42 42 42 42 42 42 42 42 42 42 42 42 42 42 0 0 0 0 0 0 0 0 0 0 0 0 0 0 0 0 0 0 0 0 0 0 0 46 46 46 46 46 46 46 46 46 46 46 46 46 46 46 46 46 46 0 0 0 0 0 0 0 0 0 0 0 61 61 61 61 61 61 61 61 61 61 61 0 0 0 0 0 0 0 0 0 0 0 0 0
0 0 0 0 62 62 62 62 62 62 62 62 62 62 62 62 0 0 0 0 0 0 0 0 0 0 0 0 0 0 0 0 0 0 0 0 0 0 0 0 0 0 0 0 94 94 94 94 94 94 94 94 94 94 94 94 94 94 0 81 81 81 81 81 81 81 81 81 81 0 0 0 0 0 0 0 0 0 0 0 0 0 0 0 0 0 0 69 69 69 69 69 69 69 69 69 69 69 69 69 69 0 0 0 0 0 0 0 0 42 42 42 42 42 42 42 42 42 42 42 42 42 42 42 0 0 0 0 0 0 0 0 0 0 0 0 0 0 0 0 0 0 0 0 0 0 0 46 46 46 46 46 46 46 46 46 46 46 46 46 46 46 46 46 46 0 0 0 0 0 0 0 0 0 0 0 61 61 61 61 61 61 61 61 61 61 61 0 0 0 0 0 0 0 0 0 0 0 0 0
0 0 0 0 62 62 62 62 62 62 62 62 62 62 62 62 0 0 0 0 0 0 0 0 0 0 0 0 0 0 0 0 0 0 0 0 0 0 0 0 0 0 0 0 94 94 94 94 94 94 94 94 94 94 94 94 94 94 0 81 81 81 81 81 81 81 81 81 81 0 0 0 0 0 0 0 0 0 0 0 0 0 0 0 0 0 0 69 69 69 69 69 69 69 69 69 69 69 69 69 69 0 0 0 0 0 0 0 0 42 42 42 42 42 42 42 42 42 42 42 42 42 42 42 0 0 0 0 0 0 0 0 0 0 0 0 0 0 0 0 0 0 0 0 0 0 0 0 0 0 0 46 46 46 46 46 46 46 46 46 46 46 46 46 46 0 0 0 0 0 0 0 0 0 0 0 61 61 61 61 61 61 61 61 61 61 61 0 0 0 0 0 0 0 0 0 0 0 0 0
0 0 0 0 62 62 62 62 62 62 62 62 62 62 62 62 0 0 0 0 0 0 0 0 0 0 0 0 0 0 0 0 0 0 0 0 0 0 0 0 0 0 0 0 94 94 94 94 94 94 94 94 94 94 94 94 94 94 0 81 81 81 81 81 81 81 81 81 81 0 0 0 0 0 0 0 0 0 0 0 0 0 0 0 0 0 0 69 69 69 69 69 69 69 69 69 69 69 69 69 69 0 0 0 0 0 0 0 0 42 42 42 42 42 42 42 42 42 42 42 42 42 42 42 0 0 0 0 0 0 0 0 0 0 0 0 0 0 0 0 0 61 61 61 61 61 61 61 61 61 61 0 46 46 46 46 46 46 46 46 46 46 46 46 46 0 0 0 0 0 0 0 0 0 0 0 61 61 61 61 61 61 61 61 61 61 61 61 0 0 0 0 0 0 0 0 0 0 0 0
0 0 0 0 62 62 62 62 62 62 62 62 62 62 62 62 0 0 0 0 0 0 0 0 0 0 0 0 0 0 0 0 0 0 0 0 0 0 0 0 0 0 0 0 94 94 94 94 94 94 94 94 94 94 94 94 94 94 0 81 81 81 81 81 81 81 81 81 81 0 0 0 0 0 0 0 0 0 0 0 0 0 0 0 0 0 0 0 0 0 0 69 69 69 69 69 69 69 0 0 0 0 0 0 0 0 0 0 0 42 42 42 42 42 42 42 42 42 42 42 42 42 42 42 0 0 0 0 0 0 0 0 0 0 0 0 0 0 0 61 61 61 61 61 61 61 61 61 61 61 61 0 46 46 46 46 46 46 46 46 46 0 0 0 0 0 0 0 0 0 0 0 0 0 0 0 61 61 61 61 61 61 61 61 61 61 61 61 0 0 0 0 0 0 0 0 0 0 0 0
0 0 0 0 0 0 0 0 0 0 0 0 0 0 0 0 0 0 0 0 0 0 0 0 0 0 0 0 0 0 0 0 0 0 0 0 0 0 0 0 0 0 0 0 94 94 94 94 94 94 94 94 94 94 94 94 94 94 0 81 81 81 81 81 81 81 81 81 81 0 0 0 0 0 0 0 0 0 0 0 0 0 0 0 0 0 0 0 0 0 0 0 0 0 0 0 0 0 0 0 0 0 0 0 0 0 0 0 0 42 42 42 42 42 42 42 42 42 42 42 42 42 42 42 0 12 12 12 12 12 0 0 0 0 0 0 0 0 0 61 61 61 61 61 61 61 61 61 61 61 61 0 46 46 46 0 0 0 0 0 0 58 58 58 58 58 58 0 0 0 0 0 0 0 0 0 61 61 61 61 61 61 61 61 61 61 61 61 0 0 0 0 0 0 0 0 0 0 0 0
0 0 0 0 0 0 0 0 0 0 0 0 0 0 0 0 0 0 0 0 0 0 0 0 0 0 0 0 0 0 0 0 0 0 0 0 0 0 0 0 0 0 0 0 94 94 94 94 94 94 94 94 94 94 94 94 94 94 0 81 81 81 81 81 81 81 81 81 81 0 0 0 0 0 0 0 0 0 0 0 0 0 0 0 0 0 0 0 0 0 0 0 0 13 13 13 13 13 13 13 13 13 13 13 13 13 0 0 0 42 42 42 42 42 42 42 42 42 42 42 42 42 42 42 0 12 12 12 12 12 0 0 0 0 0 0 0 0 0 61 61 61 61 61 61 61 61 61 61 61 61 0 46 46 0 58 58 58 58 58 58 58 58 58 58 58 58 0 0 0 0 0 0 0 0 0 61 61 61 61 61 61 61 61 61 61 61 61 0 0 0 0 0 0 0 0 0 0 0 0
0 0 0 0 0 0 0 0 0 0 0 0 0 0 0 0 0 0 0 0 0 0 0 0 0 0 0 0 0 0 0 0 0 0 0 0 0 0 0 0 0 0 0 0 94 94 94 94 94 94 94 94 94 94 94 94 94 94 0 81 81 81 81 81 81 81 81 81 81 0 0 0 0 0 0 0 0 0 0 0 0 0 0 0 0 0 0 0 0 0 0 0 0 13 13 13 13 13 13 13 13 13 13 13 13 13 0 0 0 42 42 42 42 42 42 42 42 42 42 42 42 42 42 42 0 12 12 12 12 12 0 0 0 0 0 0 0 0 0 61 61 61 61 61 61 61 61 61 61 61 61 0 46 46 0 58 58 58 58 58 58 58 58 58 58 58 58 0 0 0 0 0 0 0 0 0 61 61 61 61 61 61 61 61 61 61 61 61 0 0 0 0 0 0 0 0 0 0 0 0
0 0 0 0 0 0 0 0 0 0 0 0 0 0 0 0 0 0 0 0 0 0 0 0 0 0 0 0 0 0 0 0 0 0 0 0 0 0 0 0 0 0 0 0 94 94 94 94 94 94 94 94 94 94 94 94 94 94 0 81 81 81 81 81 81 81 81 81 81 0 0 0 0 0 0 0 0 0 0 0 0 0 0 0 0 0 0 0 0 0 0 0 0 13 13 13 13 13 13 13 13 13 13 13 13 13 0 0 0 42 42 42 42 42 42 42 42 42 42 42 42 42 42 42 0 12 12 12 12 12 0 0 0 0 0 0 0 0 0 61 61 61 61 61 61 61 61 61 61 61 61 0 46 46 0 58 58 58 58 58 58 58 58 58 58 58 58 0 0 0 0 0 0 0 0 0 61 61 61 61 61 61 61 61 61 61 61 61 0 0 0 0 0 0 0 0 0 0 0 0
0 0 0 0 0 0 0 0 0 0 0 0 0 0 0 0 0 0 0 0 0 0 0 0 0 0 0 0 0 0 0 0 0 0 0 0 0 0 0 0 0 0 0 0 94 94 94 94 94 94 94 94 94 94 94 94 94 94 0 81 81 81 81 81 81 81 81 81 81 0 0 0 0 0 0 0 0 0 0 0 0 0 0 0 0 0 0 0 0 0 0 0 0 13 13 13 13 13 13 13 13 13 13 13 13 13 0 0 0 42 42 42 42 42 42 42 42 42 42 42 42 42 42 42 0 12 12 12 12 12 0 0 0 0 0 0 0 0 0 61 61 61 61 61 61 61 61 61 61 61 61 0 46 46 0 58 58 58 58 58 58 58 58 58 58 58 58 0 0 0 0 0 0 0 0 0 0 0 0 0 0 0 0 0 0 0 0 0 0 0 0 0 0 0 0 0 0 0 0 0
0 0 0 0 0 0 0 0 0 0 0 0 0 0 0 0 0 0 0 0 0 0 0 0 0 0 0 0 0 0 0 0 0 0 0 0 0 0 0 0 0 0 0 0 94 94 94 94 94 94 94 94 94 94 94 94 94 94 0 0 0 0 0 0 0 0 0 0 0 0 0 0 0 0 0 0 0 0 0 0 71 71 71 71 71 71 71 0 0 0 0 0 0 13 13 13 13 13 13 13 13 13 13 13 13 13 0 0 0 0 0 0 42 42 42 42 42 42 42 42 42 42 0 0 12 12 12 12 12 12 0 0 0 0 0 0 0 0 0 61 61 61 61 61 61 61 61 61 61 61 61 0 46 46 0 58 58 58 58 58 58 58 58 58 58 58 58 0 0 0 0 0 0 0 0 0 0 0 0 0 0 0 0 0 0 0 0 0 0 0 0 0 0 0 0 0 0 0 0 0
0 0 0 0 0 0 0 0 0 0 0 0 0 0 0 0 0 0 0 0 0 0 0 0 0 0 0 0 0 0 0 0 0 0 0 0 0 0 0 0 0 0 0 0 94 94 94 94 94 94 94 94 94 94 94 94 94 94 0 0 0 0 0 0 0 0 0 0 0 0 0 0 0 0 0 0 0 71 71 71 71 71 71 71 71 71 71 0 0 0 0 0 0 0 13 13 13 13 13 13 13 13 13 13 13 13 0 0 0 0 0 0 0 0 0 0 0 0 0 0 0 0 12 12 12 12 12 12 12 12 0 0 0 0 0 0 0 0 0 61 61 61 61 61 61 61 61 61 61 61 61 0 0 0 0 58 58 58 58 58 58 58 58 58 58 58 58 0 0 0 0 0 0 0 0 0 0 0 0 0 0 0 0 0 0 0 0 0 0 0 0 0 0 0 0 0 0 0 0 0
0 0 0 0 0 0 0 0 0 0 0 0 0 0 0 0 0 0 0 0 0 0 0 0 0 0 0 0 0 0 0 0 0 0 0 0 0 0 0 0 0 0 0 0 94 94 94 94 94 94 94 94 94 94 94 94 94 94 0 0 0 0 0 0 0 0 0 0 0 0 0 0 0 0 0 0 0 71 71 71 71 71 71 71 71 71 71 0 0 0 0 0 0 0 13 13 13 13 13 13 13 13 13 13 13 13 0 0 0 0 0 0 0 12 12 12 12 12 12 12 12 12 12 12 12 12 12 12 12 12 0 0 0 0 0 0 0 0 0 61 61 61 61 61 61 61 61 61 61 61 61 0 0 0 0 58 58 58 58 58 58 58 58 58 58 58 58 0 0 0 0 0 0 0 0 0 0 0 0 0 0 0 0 0 0 0 0 0 0 0 0 0 0 0 0 0 0 0 0 0
0 0 0 0 0 0 0 0 0 0 0 0 0 0 0 0 0 0 0 0 0 0 0 0 0 0 0 0 0 0 0 0 0 0 0 0 0 0 0 0 0 0 0 0 94 94 94 94 94 94 94 94 94 94 94 94 94 94 0 0 0 0 0 0 0 0 0 0 0 0 0 0 0 0 0 0 0 71 71 71 71 71 71 71 71 71 71 0 0 0 0 0 0 0 13 13 13 13 13 13 13 13 13 13 13 13 0 0 0 0 0 0 0 12 12 12 12 12 12 12 12 12 12 12 12 12 12 12 12 12 0 0 0 0 0 0 0 0 0 61 61 61 61 61 61 61 61 61 61 61 61 0 0 0 0 58 58 58 58 58 58 58 58 58 58 58 58 0 0 0 0 0 0 0 0 0 0 0 0 0 0 0 0 0 0 0 0 0 0 0 0 0 0 0 0 0 0 0 0 0
0 0 0 0 0 0 0 0 0 0 0 0 0 0 0 0 0 0 0 0 0 0 0 0 0 0 0 0 0 0 0 0 0 0 0 0 0 0 0 0 0 0 0 0 94 94 94 94 94 94 94 94 94 94 94 94 94 94 0 0 0 0 0 0 0 0 0 0 0 0 0 0 0 0 0 0 0 71 71 71 71 71 71 71 71 71 71 0 0 0 0 0 0 0 13 13 13 13 13 13 13 13 13 13 13 13 0 0 0 0 0 0 0 12 12 12 12 12 12 12 12 12 12 12 12 12 12 12 12 12 0 0 0 0 0 0 0 0 0 61 61 61 61 61 61 61 61 61 61 61 61 0 0 0 0 58 58 58 58 58 58 58 58 58 58 58 58 0 0 0 0 0 0 0 0 0 0 0 0 0 0 0 0 0 0 0 0 0 0 0 0 0 0 0 0 0 0 0 0 0
0 0 0 0 0 0 0 0 0 0 0 0 0 0 0 0 0 0 0 0 0 0 0 0 0 0 0 0 0 0 0 0 0 0 0 0 0 0 0 0 0 0 0 0 0 0 0 0 0 0 0 0 0 0 0 0 0 0 0 0 0 0 0 0 0 0 0 0 0 0 0 0 0 0 0 0 0 71 71 71 71 71 71 71 71 71 71 0 0 0 0 0 0 0 13 13 13 13 13 13 13 13 13 13 13 13 0 0 0 0 0 0 0 12 12 12 12 12 12 12 12 12 12 12 12 12 12 12 12 12 0 0 0 0 0 0 0 0 0 61 61 61 61 61 61 61 61 61 61 61 61 0 0 0 0 58 58 58 58 58 58 58 58 58 58 58 58 0 0 0 0 0 0 0 0 0 0 0 0 0 0 0 0 0 0 0 0 0 0 0 0 0 0 0 0 0 0 0 0 0
0 0 0 0 0 0 0 0 0 0 0 0 0 0 0 0 0 0 0 0 0 0 0 0 0 0 0 0 0 0 0 0 0 0 0 0 0 0 0 0 0 0 0 0 0 0 0 0 0 0 0 0 0 0 0 0 0 0 0 0 0 0 0 0 0 0 0 0 0 0 0 0 0 0 0 0 0 71 71 71 71 71 71 71 71 71 71 0 0 0 0 0 0 0 13 13 13 13 13 13 13 13 13 13 13 13 0 0 0 0 0 0 0 12 12 12 12 12 12 12 12 12 12 12 12 12 12 12 12 12 0 0 0 0 0 0 0 0 0 0 0 0 0 0 0 0 0 0 0 0 0 0 0 0 0 58 58 58 58 58 58 58 58 58 58 58 58 0 0 0 0 0 0 0 0 0 0 0 0 0 0 0 0 0 0 0 0 0 0 0 0 0 0 0 0 0 0 0 0 0
0 0 0 0 0 0 0 0 0 0 0 0 0 0 0 0 0 0 0 0 0 0 0 0 0 0 0 0 0 0 0 0 0 0 0 0 0 0 0 0 0 0 0 0 0 0 0 0 0 0 0 0 0 0 0 0 0 0 0 0 0 0 0 0 0 0 0 0 0 0 0 0 0 0 0 0 0 71 71 71 71 71 71 71 71 71 71 0 0 0 0 0 0 0 13 13 13 13 13 13 13 13 13 13 13 13 0 0 0 0 0 0 0 12 12 12 12 12 12 12 12 12 12 12 12 12 12 12 12 12 0 0 0 0 0 0 0 0 0 0 0 0 0 0 0 0 0 0 0 0 0 0 0 0 0 58 58 58 58 58 58 58 58 58 58 58 58 0 0 0 0 0 0 0 0 0 0 0 0 0 0 0 0 0 0 0 0 0 0 0 0 0 0 0 0 0 0 0 0 0
0 0 0 0 0 0 0 0 0 0 0 0 0 0 0 0 0 0 0 0 0 0 0 0 0 0 0 0 0 0 0 0 0 0 0 0 0 0 0 0 0 0 0 0 0 0 0 0 0 0 0 0 0 0 0 0 0 66 66 66 66 66 66 66 66 66 66 66 0 0 0 0 0 0 0 0 0 71 71 71 71 71 71 71 71 71 71 0 0 0 0 0 0 0 13 13 13 13 13 13 13 13 13 13 13 13 0 0 0 0 0 0 0 12 12 12 12 12 12 12 12 12 12 12 12 12 12 12 12 12 0 0 0 0 0 0 0 0 0 0 0 0 0 0 0 0 0 0 0 0 0 0 0 0 0 0 0 0 0 0 0 0 0 0 0 0 0 0 0 0 0 0 0 0 0 0 0 0 0 0 0 0 0 0 0 0 0 0 0 0 0 0 0 0 0 0 0 0 0 0
0 0 0 0 0 0 0 0 0 0 0 0 0 0 0 0 0 0 0 0 0 0 0 0 0 0 0 0 0 0 0 0 0 0 0 0 0 0 0 0 0 0 0 0 0 0 0 0 0 0 0 0 0 0 0 0 0 66 66 66 66 66 66 66 66 66 66 66 0 0 0 0 0 0 0 0 0 71 71 71 71 71 71 71 71 71 71 0 0 0 0 0 0 0 0 0 0 0 0 0 0 0 0 0 0 0 0 0 0 0 0 0 0 12 12 12 12 12 12 12 12 12 12 12 12 12 12 12 12 12 0 0 0 0 0 0 0 0 0 0 0 0 0 0 0 0 0 0 0 0 0 0 0 0 0 0 0 0 0 0 0 0 0 0 0 0 0 0 0 0 0 0 0 0 0 0 0 0 0 0 0 0 0 0 0 0 0 0 0 0 0 0 0 0 0 0 0 0 0 0
0 0 0 0 0 0 0 83 83 83 83 83 83 83 83 83 83 83 83 83 83 83 0 0 0 0 0 0 0 0 0 0 0 0 0 0 0 0 0 0 0 0 0 0 0 0 0 0 0 0 0 0 0 0 0 0 0 66 66 66 66 66 66 66 66 66 66 66 0 0 0 0 0 0 0 0 0 71 71 71 71 71 71 71 71 71 71 0 0 0 0 0 0 0 0 0 0 0 0 0 0 0 0 0 0 0 0 0 0 0 0 0 0 12 12 12 12 12 12 12 12 12 12 12 12 12 12 12 12 12 0 0 0 0 0 0 0 0 0 0 0 0 0 0 0 0 0 0 0 0 0 0 0 0 0 0 0 0 0 0 0 0 0 0 0 0 0 0 0 0 0 0 0 0 0 0 0 0 0 0 0 0 0 0 0 0 0 0 0 0 0 0 0 0 0 0 0 0 0 0
0 0 0 0 0 0 0 83 83 83 83 83 83 83 83 83 83 83 83 83 83 83 0 0 0 28 28 28 28 28 28 28 28 28 28 28 0 0 0 0 0 0 0 0 0 0 0 0 0 0 0 0 0 0 0 0 0 66 66 66 66 66 66 66 66 66 66 66 66 0 0 0 0 0 0 0 0 0 0 0 0 0 0 0 0 0 0 0 0 0 0 0 0 0 0 0 0 0 0 0 0 0 0 0 0 0 0 0 0 0 0 0 0 12 12 12 12 12 12 12 12 12 12 12 12 12 12 12 12 12 0 0 0 0 0 0 0 0 0 0 0 0 0 0 0 0 0 0 0 0 0 0 0 0 0 0 0 0 0 0 0 0 0 0 0 0 0 0 0 0 0 0 0 0 0 0 0 0 0 0 0 0 0 0 0 0 0 0 0 0 0 0 0 0 0 0 0 0 0 0
0 0 0 0 0 0 0 83 83 83 83 83 83 83 83 83 83 83 83 83 83 83 0 0 0 28 28 28 28 28 28 28 28 28 28 28 0 0 0 0 0 0 0 0 0 0 0 0 0 0 0 0 0 0 0 0 0 66 66 66 66 66 66 66 66 66 66 66 66 0 0 0 0 0 0 0 0 0 0 0 0 0 0 0 0 0 0 0 0 0 0 0 0 0 0 0 0 0 0 0 0 0 0 0 0 0 0 0 0 0 0 0 0 0 0 0 12 12 12 12 12 12 12 12 12 12 12 0 0 0 0 0 0 0 0 0 0 0 0 0 0 0 0 0 0 0 0 0 0 0 0 0 0 0 0 0 0 0 0 0 0 0 0 0 0 0 0 0 0 0 0 0 0 0 0 0 0 0 0 0 0 0 0 0 0 0 0 0 0 0 0 0 0 0 0 0 0 0 0 0
0 0 0 0 0 0 0 83 83 83 83 83 83 83 83 83 83 83 83 83 83 83 0 0 0 28 28 28 28 28 28 28 28 28 28 28 0 0 0 0 0 0 0 0 0 0 0 0 0 0 0 0 0 0 0 0 0 66 66 66 66 66 66 66 66 66 66 66 66 0 0 0 0 0 0 0 0 0 0 0 0 0 0 0 0 0 0 0 0 0 0 0 0 0 0 0 0 0 0 0 0 0 0 0 0 0 0 0 0 0 0 0 0 0 0 0 0 0 0 0 0 0 0 0 0 0 0 0 0 0 0 0 0 0 0 0 0 0 0 0 0 0 0 0 0 0 0 0 0 0 0 0 0 0 0 0 0 0 0 0 0 0 0 0 0 0 0 0 0 0 0 0 0 0 0 0 0 0 0 0 0 0 0 0 0 0 0 0 0 0 0 0 0 0 0 0 0 0 0 0
0 0 0 0 0 0 0 83 83 83 83 83 83 83 83 83 83 83 83 83 83 83 0 0 0 28 28 28 28 28 28 28 28 28 28 28 0 0 0 0 0 0 0 0 0 0 0 0 0 0 0 0 0 0 0 0 0 66 66 66 66 66 66 66 66 66 66 66 66 0 0 0 0 0 0 0 0 0 0 0 0 0 0 0 0 0 0 0 0 0 0 0 0 0 0 0 0 0 0 0 0 0 0 0 0 0 0 0 0 0 0 0 0 0 0 0 0 0 0 0 0 0 0 0 0 0 0 0 0 0 0 0 0 0 0 0 0 0 0 0 0 0 0 0 0 0 0 0 0 0 0 0 0 0 0 0 0 0 0 0 0 0 0 0 0 0 0 0 0 0 0 0 0 0 0 0 0 0 0 0 0 0 0 0 0 0 0 0 0 0 0 0 0 0 0 0 0 0 0 0
0 0 0 0 0 0 0 83 83 83 83 83 83 83 83 83 83 83 83 83 83 83 0 0 0 28 28 28 28 28 28 28 28 28 28 28 0 0 0 0 0 0 0 0 0 0 0 0 0 0 0 0 0 0 0 0 0 66 66 66 66 66 66 66 66 66 66 66 66 0 0 0 0 0 0 0 0 0 0 0 0 0 0 0 0 0 0 0 0 0 0 0 0 0 0 0 0 0 0 0 0 0 0 0 0 0 0 0 0 0 0 0 0 0 0 0 0 0 0 0 0 0 0 0 0 0 0 0 0 0 0 0 0 0 0 0 0 0 0 0 0 0 0 0 0 0 0 0 0 0 0 0 0 0 0 0 0 0 0 0 0 0 0 0 0 0 0 0 0 0 0 0 0 0 0 0 0 0 0 0 0 0 0 0 0 0 0 0 0 0 0 0 0 0 0 0 0 0 0 0
0 0 0 0 0 0 0 83 83 83 83 83 83 83 83 83 83 83 83 83 83 83 0 0 0 28 28 28 28 28 28 28 28 28 28 28 0 0 0 0 0 0 0 0 0 0 0 0 0 0 0 0 0 0 0 0 0 66 66 66 66 66 66 66 66 66 66 66 66 0 0 0 0 0 0 0 0 0 0 0 0 0 0 0 0 0 0 0 0 0 0 0 0 0 0 0 0 0 0 0 0 0 0 0 0 0 0 0 0 0 0 0 0 0 0 0 0 0 0 0 0 0 0 0 0 0 0 0 0 0 0 0 0 0 0 0 0 0 0 0 0 0 0 0 0 0 0 0 0 0 0 0 0 0 0 0 0 0 0 0 0 0 0 0 0 0 0 0 0 0 0 0 0 0 0 0 0 0 0 0 0 0 0 0 0 0 0 0 0 0 0 0 0 0 0 0 0 0 0 0
0 0 0 0 0 0 0 83 83 83 83 83 83 83 83 83 83 83 83 83 83 83 0 0 0 28 28 28 28 28 28 28 28 28 28 28 0 0 0 0 0 0 0 0 0 0 0 0 0 0 0 0 0 0 0 0 0 66 66 66 66 66 66 0 0 0 0 0 0 0 0 0 0 0 0 0 0 0 0 0 0 0 0 0 0 0 0 0 0 0 0 0 0 0 0 0 0 0 0 0 0 0 0 0 0 0 0 0 0 0 0 0 0 0 0 0 0 0 0 0 0 0 0 0 0 0 0 0 0 0 0 0 0 0 0 0 0 0 0 0 0 0 0 0 0 0 0 0 0 0 0 0 0 0 0 0 0 0 0 0 0 0 0 0 0 0 0 0 0 0 0 0 0 0 0 0 0 0 0 0 0 0 0 0 0 0 0 0 0 0 0 0 0 0 0 0 0 0 0 0
0 0 0 0 0 0 0 83 83 83 83 83 83 83 83 83 83 83 83 83 83 83 0 0 0 28 28 28 28 28 28 28 28 28 28 28 0 0 0 0 0 0 0 0 0 0 0 0 0 0 0 0 0 0 0 0 0 66 66 66 66 66 0 58 58 58 58 58 58 58 58 58 58 58 58 58 0 0 0 0 0 0 0 0 0 0 0 0 0 0 0 0 0 0 0 0 0 0 0 0 0 0 0 0 0 0 0 0 0 0 0 0 0 0 0 0 0 0 0 0 0 0 0 0 0 0 0 0 0 0 0 0 0 0 0 0 0 0 0 0 0 0 0 0 0 0 0 0 0 0 0 0 0 0 0 0 0 0 0 0 0 0 0 0 0 0 0 0 0 0 0 0 0 0 0 0 0 0 0 0 0 0 0 0 0 0 0 0 0 0 0 0 0 0 0 0 0 0 0 0
0 0 0 0 0 0 0 83 83 83 83 83 83 83 83 83 83 83 83 83 83 83 0 0 0 28 28 28 28 28 28 28 28 28 28 28 0 0 0 0 0 0 0 0 0 0 0 0 0 0 0 0 0 0 0 0 0 66 66 66 66 66 0 58 58 58 58 58 58 58 58 58 58 58 58 58 0 0 0 0 0 0 0 0 0 0 0 0 0 0 0 0 0 0 0 0 0 0 0 0 0 0 0 0 0 0 0 0 0 0 0 0 0 0 0 0 0 0 0 0 0 0 0 0 0 0 0 0 0 0 0 0 0 0 0 0 0 0 0 0 0 0 0 0 71 71 71 71 71 71 71 71 71 71 71 71 71 0 0 0 0 0 0 0 0 0 0 0 0 0 0 0 0 0 0 0 0 0 0 0 0 0 0 0 0 0 0 0 0 0 0 0 0 0 0 0 0 0 0 0
0 0 0 0 0 0 0 83 83 83 83 83 83 83 83 83 83 83 83 83 83 83 0 0 0 28 28 28 28 28 28 28 28 28 28 28 0 0 0 0 0 0 0 0 0 0 0 0 0 0 0 0 0 0 0 0 0 0 0 0 0 0 0 58 58 58 58 58 58 58 58 58 58 58 58 58 0 0 0 0 0 0 0 0 0 0 0 0 0 0 0 0 0 0 0 0 0 0 0 0 0 0 0 0 0 0 0 0 0 0 0 0 0 0 0 0 0 0 0 0 0 0 0 0 0 0 0 0 0 0 0 0 0 0 0 0 0 0 0 0 0 0 0 0 71 71 71 71 71 71 71 71 71 71 71 71 71 0 0 0 0 0 0 0 0 0 0 0 0 0 0 0 0 0 0 0 0 0 0 0 0 0 0 0 0 0 0 0 0 0 0 0 0 0 0 0 0 0 0 0
0 0 0 0 0 0 0 0 83 83 83 83 83 83 83 83 83 83 83 83 83 83 0 0 0 28 28 28 28 28 28 28 28 28 28 28 0 0 0 0 0 0 0 0 0 0 0 0 0 0 0 0 0 0 0 0 0 0 0 0 0 0 0 58 58 58 58 58 58 58 58 58 58 58 58 58 0 0 0 0 0 0 0 0 0 0 0 0 0 0 0 0 0 0 0 0 0 0 0 0 0 0 0 0 0 0 0 0 0 0 0 0 0 0 0 0 0 0 0 0 0 0 0 0 0 0 0 0 0 0 0 0 0 0 0 0 0 0 0 0 0 0 0 0 71 71 71 71 71 71 71 71 71 71 71 71 71 0 0 0 0 0 0 0 0 0 0 0 98 98 98 98 98 98 98 98 98 98 98 98 98 98 98 0 0 0 0 0 0 0 0 0 0 0 0 0 0 0 0 0
0 0 0 0 0 0 0 0 83 83 83 83 83 83 83 83 83 83 83 83 83 83 0 0 0 0 0 0 0 28 28 28 28 0 0 0 0 0 0 0 0 0 0 0 0 0 0 0 0 0 0 0 0 0 0 0 0 0 0 0 0 0 0 58 58 58 58 58 58 58 58 58 58 58 58 58 0 0 0 0 0 0 0 0 0 0 0 0 0 0 0 0 0 0 0 0 0 0 0 0 0 0 0 0 0 0 0 0 0 0 0 0 0 0 0 0 0 0 0 0 0 0 0 0 0 0 0 0 0 0 0 0 0 0 0 0 0 0 0 0 0 0 0 0 71 71 71 71 71 71 71 71 71 71 71 71 71 0 0 0 0 0 0 0 0 0 0 0 98 98 98 98 98 98 98 98 98 98 98 98 98 98 98 0 0 0 0 0 0 0 0 0 0 0 0 0 0 0 0 0
0 0 0 0 0 0 0 0 83 83 83 83 83 83 83 83 83 83 83 83 83 83 0 0 0 0 0 0 0 0 0 0 0 0 0 0 0 0 0 0 0 0 0 0 0 0 0 0 0 0 0 0 0 0 0 0 0 0 0 0 0 0 0 58 58 58 58 58 58 58 58 58 58 58 58 58 0 0 0 0 0 0 0 0 0 0 0 0 0 0 0 0 0 0 0 0 0 0 0 0 0 0 0 0 0 0 0 0 0 0 0 0 0 0 0 0 0 0 0 0 0 0 0 0 0 0 0 0 0 0 0 0 0 0 0 0 0 0 0 0 0 0 0 0 71 71 71 71 71 71 71 71 71 71 71 71 71 0 0 0 0 0 0 0 0 0 0 0 98 98 98 98 98 98 98 98 98 98 98 98 98 98 98 0 0 0 0 0 0 0 0 0 0 0 0 0 0 0 0 0
0 0 0 0 0 0 0 0 83 83 83 83 83 83 83 83 83 83 83 83 83 83 0 0 0 0 0 0 0 0 0 0 0 0 0 0 0 0 0 0 0 0 0 0 0 0 34 34 34 34 34 34 34 34 34 34 34 34 34 34 34 0 0 0 58 58 58 58 58 58 58 58 58 58 58 58 0 0 0 0 0 0 0 0 0 0 0 0 0 0 0 0 0 0 0 0 0 0 0 0 0 0 0 0 0 0 0 0 0 0 0 0 0 0 0 0 0 0 0 0 0 0 0 0 0 0 0 0 0 0 0 0 0 0 0 0 0 0 0 0 0 0 0 0 71 71 71 71 71 71 71 71 71 71 71 71 71 0 0 0 0 0 0 0 0 0 0 0 98 98 98 98 98 98 98 98 98 98 98 98 98 98 98 0 0 0 0 0 0 0 0 0 0 0 0 0 0 0 0 0
0 0 0 0 0 0 0 0 0 0 0 0 0 0 0 0 0 0 0 0 0 0 0 0 0 0 0 0 0 0 0 0 0 0 0 0 0 0 0 0 0 0 0 0 0 0 34 34 34 34 34 34 34 34 34 34 34 34 34 34 34 0 0 0 58 58 58 58 58 58 58 58 58 58 58 58 0 0 0 0 0 0 0 0 0 0 0 0 0 0 0 0 0 0 0 0 0 0 0 0 0 0 0 0 0 0 0 0 0 0 0 0 0 0 0 0 0 0 0 0 0 0 0 0 0 0 0 0 0 0 0 0 0 0 0 0 0 0 0 0 0 0 0 0 71 71 71 71 71 71 71 71 71 71 71 71 71 0 0 0 0 0 0 0 0 0 0 0 98 98 98 98 98 98 98 98 98 98 98 98 98 98 98 0 0 0 0 0 0 0 0 0 0 0 0 0 0 0 0 0
0 0 0 0 0 0 0 0 0 0 0 0 0 0 0 0 0 0 0 0 0 0 0 0 0 0 0 0 0 0 0 0 0 0 0 0 0 0 0 0 0 0 0 0 0 0 34 34 34 34 34 34 34 34 34 34 34 34 34 34 34 0 0 0 58 58 58 58 58 58 58 58 58 58 58 58 0 0 0 0 0 0 0 0 0 0 0 0 0 0 0 0 0 0 0 0 0 0 0 0 0 0 0 0 0 0 0 0 0 0 0 0 0 0 0 0 0 0 0 0 0 0 0 0 0 0 0 0 0 0 0 0 0 0 0 0 0 0 0 0 0 0 0 0 71 71 71 71 71 71 71 71 71 71 71 71 71 0 0 0 0 0 0 0 0 0 0 0 98 98 98 98 98 98 98 98 98 98 98 98 98 98 98 98 0 0 0 0 0 0 0 0 0 0 0 0 0 0 0 0
0 0 0 0 0 0 0 0 0 0 0 0 0 0 0 0 0 0 0 0 0 0 0 0 0 0 0 0 0 0 0 0 0 0 0 0 0 0 0 0 0 0 0 0 0 0 34 34 34 34 34 34 34 34 34 34 34 34 34 34 34 0 0 0 58 58 58 58 58 58 58 58 58 58 58 58 0 0 0 0 0 0 0 0 0 0 0 0 0 0 0 0 0 0 0 0 0 0 0 0 0 0 0 0 0 0 0 0 0 0 0 0 0 0 0 0 0 0 0 0 0 0 0 0 0 0 0 0 0 0 0 0 0 0 0 0 0 0 0 0 0 0 0 0 71 71 71 71 71 71 71 71 71 71 71 71 71 0 0 0 0 0 0 0 0 0 0 0 98 98 98 98 98 98 98 98 98 98 98 98 98 98 98 98 0 0 0 0 0 0 0 0 0 0 0 0 0 0 0 0
0 0 0 0 0 0 0 0 0 0 0 0 0 0 0 0 0 0 0 0 0 0 0 0 0 0 0 0 0 0 0 0 0 0 0 0 0 0 0 0 0 0 0 0 0 0 34 34 34 34 34 34 34 34 34 34 34 34 34 34 34 0 0 0 58 58 58 58 58 58 58 58 58 58 58 58 0 0 0 0 0 0 0 0 0 0 0 0 0 0 0 0 0 0 0 0 0 0 0 0 0 0 0 0 0 0 0 0 0 0 0 0 0 0 0 0 0 0 0 0 0 0 0 0 0 0 0 0 0 0 0 0 0 0 0 0 0 0 0 0 0 0 0 0 71 71 71 71 71 71 71 71 71 71 71 71 71 71 0 0 0 0 0 0 0 0 0 0 98 98 98 98 98 98 98 98 98 98 98 98 98 98 98 98 0 0 0 0 0 0 0 0 0 0 0 0 0 0 0 0
0 0 0 0 0 0 0 0 0 0 0 0 0 0 0 0 0 0 0 0 0 0 0 0 0 0 0 0 0 0 0 0 0 0 0 0 0 0 0 0 0 0 0 0 0 0 34 34 34 34 34 34 34 34 34 34 34 34 34 34 34 34 0 0 58 58 58 58 58 58 58 58 58 58 58 58 0 0 0 0 0 0 0 0 0 0 0 0 0 0 0 0 0 0 0 0 0 0 0 0 0 0 0 0 0 0 0 0 0 0 0 0 0 0 0 0 0 0 0 0 0 0 0 0 0 0 0 0 0 0 0 0 0 0 0 0 0 0 0 0 0 0 0 0 71 71 71 71 71 71 71 71 71 71 71 71 71 71 0 0 0 0 0 0 0 0 0 0 98 98 98 98 98 98 98 98 98 98 98 98 98 98 98 98 0 0 0 0 0 0 0 0 0 0 0 0 0 0 0 0
0 0 0 0 0 0 0 0 0 0 0 0 0 0 0 0 0 0 0 0 0 0 0 0 0 0 0 0 0 0 0 0 0 0 0 0 0 0 0 0 0 0 0 0 0 0 34 34 34 34 34 34 34 34 34 34 34 34 34 34 34 34 0 0 58 58 58 58 58 58 58 58 58 58 58 58 0 0 0 0 0 0 0 0 0 0 0 0 0 0 0 0 0 0 0 0 0 0 0 0 0 0 0 0 0 0 0 0 0 0 0 0 0 0 0 0 0 0 0 0 0 0 0 0 0 0 0 0 0 0 0 0 0 0 0 0 0 0 0 0 0 0 0 0 71 71 71 71 71 71 71 71 71 71 71 71 71 71 0 0 0 0 0 0 0 0 0 0 98 98 98 98 98 98 98 98 98 98 98 98 98 98 98 98 0 0 0 0 0 0 0 0 0 0 0 0 0 0 0 0
0 0 0 0 0 0 0 0 0 0 0 0 0 0 0 0 0 0 0 0 0 0 0 0 0 0 0 0 0 0 0 0 0 0 0 0 0 0 0 0 0 0 0 0 0 0 34 34 34 34 34 34 34 34 34 34 34 34 34 34 34 34 0 0 0 0 0 0 0 0 0 0 0 0 0 0 0 0 32 32 32 32 32 32 32 32 32 32 32 32 32 0 0 0 0 0 0 0 0 0 0 0 0 0 0 0 0 0 0 0 0 0 0 0 0 0 0 0 0 0 0 0 0 0 0 0 0 0 0 0 0 0 0 0 0 0 0 0 0 0 0 0 0 0 71 71 71 71 71 71 71 71 71 71 71 71 71 71 0 0 0 0 0 0 0 0 0 0 98 98 98 98 98 98 98 98 98 98 98 98 98 98 98 98 0 0 0 0 0 0 0 0 0 0 0 0 0 0 0 0
0 0 0 0 0 0 0 0 0 0 0 0 0 0 0 0 0 0 0 0 0 0 0 0 0 0 0 0 0 0 0 0 0 0 0 0 0 0 0 0 0 0 0 0 0 0 34 34 34 34 34 34 34 34 34 34 34 34 34 34 34 34 0 0 0 0 0 0 0 0 0 0 0 0 0 0 0 0 32 32 32 32 32 32 32 32 32 32 32 32 32 0 0 0 0 0 0 0 0 0 0 0 0 0 0 0 0 0 0 0 0 0 0 0 0 0 0 0 0 0 0 0 0 0 0 0 0 0 0 0 0 0 0 0 0 0 0 0 0 0 0 0 0 0 71 71 71 71 71 71 71 71 71 71 71 71 71 71 0 0 0 0 0 0 0 0 0 0 98 98 98 98 98 98 98 98 98 98 98 98 98 98 98 98 0 0 0 0 0 0 0 0 0 0 0 0 0 0 0 0
0 0 0 0 0 0 0 0 0 0 0 0 0 0 0 0 0 0 0 0 0 0 0 0 0 0 0 0 0 0 0 0 0 0 0 0 0 0 0 0 0 0 0 0 0 0 34 34 34 34 34 34 34 34 34 34 34 34 34 34 34 34 0 0 0 0 0 0 0 0 0 0 0 0 0 0 0 0 32 32 32 32 32 32 32 32 32 32 32 32 32 0 0 0 0 0 0 0 0 0 0 0 0 0 0 0 0 0 0 0 0 0 0 0 0 0 0 0 0 0 0 0 0 0 0 0 0 0 0 0 0 0 0 0 0 0 0 0 0 0 0 0 0 0 0 0 0 0 0 0 0 0 0 0 0 0 0 0 0 0 0 0 0 0 0 0 0 0 98 98 98 98 98 98 98 98 98 98 98 98 98 98 98 98 0 0 0 0 0 0 0 0 0 0 0 0 0 0 0 0
0 0 0 0 0 0 0 0 0 0 0 0 0 0 0 0 0 0 0 0 0 0 0 0 0 0 0 0 0 0 0 0 0 0 0 0 0 0 0 0 0 0 0 0 0 0 34 34 34 34 34 34 34 34 34 34 34 34 34 34 34 34 0 0 0 0 0 0 0 0 0 0 0 0 0 0 0 0 32 32 32 32 32 32 32 32 32 32 32 32 32 0 0 0 0 0 0 0 0 0 0 0 0 0 0 0 0 0 0 0 0 0 0 0 0 0 0 0 0 0 0 0 0 0 0 0 0 0 0 0 0 0 0 0 0 0 0 0 0 0 0 0 0 0 0 0 0 0 0 0 0 0 0 0 0 0 0 0 0 0 0 0 0 0 0 0 0 0 98 98 98 98 98 98 98 98 98 98 98 98 98 0 0 0 0 0 0 0 0 0 0 0 0 0 0 0 0 0 0 0
0 0 0 0 0 0 0 0 0 0 0 0 0 0 0 0 0 0 0 0 0 0 0 0 0 0 0 0 0 0 0 0 0 0 0 0 0 0 0 0 0 0 0 0 0 0 34 34 34 34 34 34 34 34 34 34 34 34 34 34 34 34 0 0 0 0 0 0 0 0 0 0 0 0 0 0 0 0 32 32 32 32 32 32 32 32 32 32 32 32 32 0 0 0 0 0 0 0 0 0 0 0 0 0 0 0 0 0 0 0 0 0 0 0 0 0 0 0 0 0 0 0 0 0 0 0 0 0 0 0 0 0 0 0 0 0 0 0 0 0 0 0 0 0 0 0 0 0 0 0 0 0 0 0 0 0 0 0 0 0 0 0 0 0 0 0 0 0 98 98 98 98 98 98 98 98 98 98 98 98 0 20 20 20 20 20 20 20 20 20 20 20 20 20 0 0 0 0 0 0
0 0 0 0 0 0 0 0 0 0 0 0 0 0 0 0 0 0 0 0 0 0 0 0 0 0 0 0 0 0 0 0 0 0 0 0 0 0 0 0 0 0 0 0 0 0 34 34 34 34 34 34 34 34 34 34 34 34 34 34 34 34 0 0 0 0 0 0 0 0 0 0 0 0 0 0 0 0 32 32 32 32 32 32 32 32 32 32 32 32 32 0 0 0 0 0 0 0 0 0 0 0 0 0 0 0 0 0 0 0 0 0 0 0 0 0 0 0 0 0 0 0 0 0 0 0 0 0 0 0 0 0 0 0 0 0 0 0 0 0 0 0 0 0 0 0 0 0 0 0 0 0 0 0 0 0 0 0 0 0 0 0 0 0 0 0 0 0 98 98 98 98 98 98 98 98 98 98 98 98 0 20 20 20 20 20 20 20 20 20 20 20 20 20 0 0 0 0 0 0
0 0 0 0 0 0 0 0 0 0 0 0 0 0 0 0 0 0 0 0 0 0 0 0 0 0 0 0 0 0 0 0 0 0 0 0 0 0 0 0 0 0 0 0 0 0 34 34 34 34 34 34 34 34 34 34 34 34 34 34 34 34 0 0 0 0 0 0 0 0 0 0 0 0 0 0 0 0 32 32 32 32 32 32 32 32 32 32 32 32 32 0 0 0 0 0 0 0 0 0 0 0 0 0 0 0 0 0 0 0 0 0 0 0 0 0 0 0 0 0 0 0 0 0 0 0 0 0 0 0 0 0 0 0 0 0 0 0 0 0 0 0 0 0 0 0 0 0 0 0 0 0 0 0 0 0 0 0 0 0 0 0 0 0 0 0 0 0 0 0 0 0 0 0 0 0 0 0 0 0 0 20 20 20 20 20 20 20 20 20 20 20 20 20 0 0 0 0 0 0
0 0 0 0 0 0 0 0 0 0 0 0 0 0 0 0 0 0 0 0 0 0 0 0 0 0 0 0 0 0 0 0 0 0 0 0 0 0 0 0 0 0 0 0 0 0 34 34 34 34 34 34 34 34 34 34 34 34 34 34 34 34 0 0 0 0 0 0 0 0 0 0 0 0 0 0 0 0 32 32 32 32 32 32 32 32 32 32 32 32 32 0 0 0 0 0 10 10 10 10 10 10 10 10 10 10 10 10 10 10 10 0 0 0 0 0 0 0 0 0 0 0 0 0 0 0 0 0 0 0 0 0 0 0 0 0 0 0 0 0 0 0 0 0 0 0 0 0 0 0 0 0 0 0 0 0 0 0 0 0 0 0 0 0 0 0 0 0 0 0 0 0 0 0 0 0 0 0 0 0 0 20 20 20 20 20 20 20 20 20 20 20 20 20 0 0 0 0 0 0
0 0 0 0 0 0 0 0 0 0 0 0 0 0 0 0 0 0 0 0 0 0 0 0 0 0 0 0 0 0 0 0 0 0 0 0 0 0 0 0 0 0 0 0 0 0 34 34 34 34 34 34 34 34 34 34 34 34 34 34 34 34 0 0 0 0 0 0 0 0 0 0 0 0 0 0 0 0 32 32 32 32 32 32 32 32 32 32 32 32 32 0 0 0 0 0 10 10 10 10 10 10 10 10 10 10 10 10 10 10 10 10 0 0 0 0 0 0 0 0 0 0 0 0 0 0 0 0 0 0 0 0 0 0 0 0 0 0 0 0 0 0 0 0 0 0 0 0 0 0 0 0 0 0 0 0 0 0 0 0 0 0 0 0 0 0 0 0 0 0 0 0 0 0 0 0 0 0 0 0 0 20 20 20 20 20 20 20 20 20 20 20 20 20 0 0 0 0 0 0
0 0 0 0 0 0 0 0 0 0 0 0 0 0 0 0 0 0 0 0 0 0 0 0 0 0 0 0 0 0 0 0 0 0 0 0 0 0 0 0 0 0 0 0 0 0 0 0 0 0 0 0 0 0 0 0 0 0 0 0 0 0 0 0 0 0 0 0 0 0 0 0 0 0 0 0 0 0 32 32 32 32 32 32 32 32 32 32 32 32 32 0 0 0 0 0 10 10 10 10 10 10 10 10 10 10 10 10 10 10 10 10 0 0 0 0 0 0 0 0 0 0 0 0 0 0 0 0 0 0 0 0 0 0 0 0 0 0 0 0 0 0 0 0 0 0 0 0 0 0 0 0 0 0 0 0 0 0 0 0 0 0 0 0 0 0 0 0 0 0 0 0 0 0 0 0 0 0 0 0 0 20 20 20 20 20 20 20 20 20 20 20 20 20 0 0 0 0 0 0
0 0 0 0 0 0 0 0 0 0 0 0 0 0 0 0 0 0 0 0 0 0 0 0 0 0 0 0 0 0 0 0 0 0 0 0 0 0 0 0 0 0 0 0 0 0 0 0 0 0 0 0 0 0 0 0 0 0 0 0 0 0 0 0 0 0 0 0 0 0 0 0 0 0 0 0 0 0 0 32 32 32 32 32 32 32 32 32 32 32 32 0 0 0 0 0 10 10 10 10 10 10 10 10 10 10 10 10 10 10 10 10 0 0 0 0 0 0 0 0 0 0 0 0 0 0 0 0 0 0 0 0 0 0 0 0 0 0 0 0 0 0 0 0 0 0 0 0 0 0 0 0 0 0 0 0 0 0 0 0 0 0 0 0 0 0 0 0 0 0 0 0 0 0 0 0 0 0 0 0 0 20 20 20 20 20 20 20 20 20 20 20 20 20 0 0 0 0 0 0
0 0 0 0 0 0 0 0 0 0 0 0 0 0 0 0 0 0 0 0 0 0 0 0 0 0 0 0 0 0 0 0 0 0 0 0 0 0 0 0 0 0 0 0 0 0 0 0 0 0 0 0 0 0 0 0 0 0 0 0 0 0 0 0 0 0 0 0 0 0 0 0 0 0 0 0 0 0 0 32 32 32 32 32 32 32 32 32 32 32 32 0 0 0 0 0 10 10 10 10 10 10 10 10 10 10 10 10 10 10 10 10 0 0 0 0 0 0 0 0 0 0 0 0 0 0 0 0 0 0 0 0 0 0 0 0 0 0 0 0 0 0 0 0 0 0 0 0 0 0 0 0 0 0 0 0 0 0 0 0 0 0 0 0 0 0 0 0 0 0 0 0 0 0 0 0 0 0 0 0 0 20 20 20 20 20 20 20 20 20 20 20 20 20 0 0 0 0 0 0
0 0 0 0 0 0 0 0 0 0 0 0 0 0 0 0 0 0 0 0 0 0 0 0 0 0 0 0 0 0 0 0 0 0 0 0 0 0 0 0 0 0 0 0 0 0 0 0 0 0 0 0 0 0 0 0 0 0 0 0 0 0 0 0 0 0 0 0 0 0 0 0 0 0 0 0 0 0 0 32 32 32 32 32 32 32 32 32 32 32 32 0 0 0 0 0 10 10 10 10 10 10 10 10 10 10 10 10 10 10 10 10 0 0 0 0 0 0 0 0 0 0 0 0 0 0 0 0 0 0 0 0 0 0 0 0 0 42 42 42 42 42 42 42 42 42 42 42 42 42 0 0 0 0 0 0 0 0 0 0 0 0 0 0 0 0 0 0 0 0 0 0 0 0 0 0 0 0 0 0 0 20 20 20 20 20 20 20 20 20 20 20 20 20 0 0 0 0 0 0
0 0 0 0 0 0 0 0 0 0 0 0 0 0 0 0 0 0 0 0 0 0 0 17 17 17 17 17 17 17 17 17 17 17 17 17 17 17 0 0 0 0 0 0 0 0 0 0 0 0 0 0 0 0 0 0 0 0 0 0 0 0 0 0 0 0 0 0 0 0 0 0 0 0 0 0 0 0 0 0 0 0 0 0 0 0 0 0 0 0 0 0 0 0 0 0 10 10 10 10 10 10 10 10 10 10 10 10 0 0 0 0 0 0 0 0 0 0 0 0 0 0 0 0 0 0 0 0 0 0 0 0 0 0 0 0 0 42 42 42 42 42 42 42 42 42 42 42 42 42 0 0 0 0 0 0 0 0 0 0 0 0 0 0 0 0 0 0 0 0 0 0 0 0 0 0 0 0 0 0 0 20 20 20 20 20 20 20 20 20 20 20 20 20 20 0 0 0 0 0
0 0 0 0 0 0 0 0 0 0 0 0 0 0 0 0 0 0 0 0 0 0 0 17 17 17 17 17 17 17 17 17 17 17 17 17 17 17 0 0 0 0 0 0 0 0 0 0 0 0 0 0 0 0 0 0 0 0 0 0 0 0 0 0 0 0 0 0 0 0 0 0 0 0 0 0 0 0 0 0 0 0 0 0 0 0 0 0 0 0 0 0 0 0 0 0 10 10 10 10 10 10 10 10 10 10 10 0 100 100 100 100 100 100 100 100 100 100 100 100 100 100 100 0 0 0 0 0 0 0 0 0 0 0 0 0 0 42 42 42 42 42 42 42 42 42 42 42 42 42 0 0 0 0 0 0 0 0 0 0 0 0 0 0 0 0 0 0 0 0 0 0 0 0 0 0 0 0 0 0 0 20 20 20 20 20 20 20 20 20 20 20 20 0 0 0 0 0 0 0
0 0 0 0 0 0 0 0 0 0 0 0 0 0 0 0 0 0 0 0 0 0 0 17 17 17 17 17 17 17 17 17 17 17 17 17 17 17 0 0 0 0 0 0 0 0 0 0 0 0 0 0 0 0 0 0 0 0 0 0 0 0 0 0 0 0 0 0 0 0 0 0 0 0 0 0 0 0 0 0 0 0 0 0 0 0 0 0 0 0 0 0 0 0 0 0 10 10 10 10 10 10 10 10 10 10 10 0 100 100 100 100 100 100 100 100 100 100 100 100 100 100 100 0 0 0 0 0 0 0 0 0 0 0 0 0 0 42 42 42 42 42 42 42 42 42 42 0 0 0 0 0 0 0 0 0 0 0 0 0 0 0 0 0 0 0 0 0 0 0 0 0 0 0 0 0 0 0 0 0 0 20 20 20 20 0 0 0 0 0 0 0 0 81 81 81 81 0 0 0
0 0 0 0 0 0 0 0 0 0 0 0 0 0 0 0 0 0 0 0 0 0 0 17 17 17 17 17 17 17 17 17 17 17 17 17 17 17 0 0 0 0 0 0 0 0 0 0 0 0 0 0 0 0 0 0 0 0 0 0 0 0 0 0 0 0 0 0 0 0 0 0 0 0 0 0 0 0 0 0 0 0 0 0 0 0 0 0 0 0 0 0 0 0 0 0 10 10 10 10 10 10 10 10 10 10 10 0 100 100 100 100 100 100 100 100 100 100 100 100 100 100 100 0 0 0 0 0 0 0 0 0 0 0 0 0 0 42 42 42 42 42 42 42 42 42 0 80 80 80 80 80 80 80 80 80 80 80 0 0 0 0 0 0 0 0 0 0 0 0 0 0 0 0 0 0 0 0 0 0 0 20 20 20 0 81 81 81 81 81 81 81 81 81 81 81 81 0 0 0
0 0 0 0 0 0 0 0 0 0 0 0 0 0 0 0 0 0 0 0 0 0 0 17 17 17 17 17 17 17 17 17 17 17 17 17 17 17 0 0 0 0 0 0 0 0 0 0 0 0 0 0 0 0 0 0 0 0 0 0 0 0 0 0 0 0 0 0 0 0 0 0 0 0 0 0 0 0 0 0 0 0 0 0 0 0 0 0 0 0 0 0 0 0 0 0 10 10 10 10 10 10 10 10 10 10 10 0 100 100 100 100 100 100 100 100 100 100 100 100 100 100 100 0 0 0 0 0 0 0 0 0 0 0 0 0 0 42 42 42 42 42 42 42 42 42 0 80 80 80 80 80 80 80 80 80 80 80 0 0 0 0 0 0 0 0 0 0 0 0 0 0 0 0 0 0 0 0 0 0 0 20 20 20 0 81 81 81 81 81 81 81 81 81 81 81 81 0 0 0
0 0 0 0 0 0 0 0 0 0 0 0 0 0 0 0 0 0 0 0 0 0 0 17 17 17 17 17 17 17 17 17 17 17 17 17 17 17 0 0 0 0 0 0 0 0 0 0 0 0 0 0 0 0 0 0 0 0 0 0 0 0 0 0 0 0 0 0 0 0 0 0 0 0 0 0 0 0 0 0 0 0 0 0 0 0 0 0 0 0 0 0 0 0 0 0 10 10 10 10 10 10 10 10 10 10 10 0 100 100 100 100 100 100 100 100 100 100 100 100 100 100 100 0 0 0 0 0 0 0 0 0 0 0 0 0 0 42 42 42 42 42 42 42 42 42 0 80 80 80 80 80 80 80 80 80 80 80 0 0 0 0 0 0 0 0 0 0 0 0 0 0 0 0 0 0 0 0 0 0 0 0 0 0 0 81 81 81 81 81 81 81 81 81 81 81 81 0 0 0
0 0 0 0 0 0 0 0 0 0 0 0 0 0 0 0 0 0 0 0 0 0 0 17 17 17 17 17 17 17 17 17 17 17 17 17 17 17 0 0 0 0 0 0 0 0 0 0 0 0 0 0 0 0 0 0 0 0 0 0 0 0 0 0 0 0 0 0 0 0 0 0 0 0 0 0 0 0 0 0 0 0 0 0 0 0 0 0 0 0 0 0 0 0 0 0 0 0 0 0 0 0 0 0 10 10 10 0 100 100 100 100 100 100 100 100 100 100 100 100 100 100 100 0 0 0 0 0 0 0 0 0 0 0 0 0 0 0 42 42 42 42 42 42 42 42 0 80 80 80 80 80 80 80 80 80 80 80 0 0 0 0 0 0 0 0 0 0 0 0 0 0 0 0 0 0 0 0 0 0 0 0 0 0 0 81 81 81 81 81 81 81 81 81 81 81 81 0 0 0
0 0 0 0 0 0 0 0 0 0 0 0 0 0 0 0 0 0 0 0 0 0 0 17 17 17 17 17 17 17 17 17 17 17 17 17 17 17 0 0 0 0 0 0 0 0 0 0 0 0 0 0 0 0 0 0 0 0 0 0 0 0 0 0 0 0 0 0 0 0 0 0 0 0 0 0 0 0 0 0 0 0 0 0 0 0 0 0 0 0 0 0 0 0 0 0 16 16 16 16 16 16 16 16 0 10 10 0 100 100 100 100 100 100 100 100 100 100 100 100 100 100 100 0 0 0 0 0 0 0 0 0 0 0 0 0 0 0 42 42 42 42 42 42 42 42 0 80 80 80 80 80 80 80 80 80 80 80 0 0 0 0 0 0 0 0 0 0 0 0 0 0 0 0 0 0 0 0 0 0 0 0 0 0 0 81 81 81 81 81 81 81 81 81 81 81 81 0 0 0
0 0 0 0 0 0 0 0 0 0 0 0 0 0 0 0 0 0 0 0 0 0 0 17 17 17 17 17 17 17 17 17 17 17 17 17 17 17 0 0 0 0 0 0 0 0 0 0 0 0 0 0 0 0 0 0 0 0 0 0 0 0 0 0 0 0 0 0 0 0 0 0 0 0 0 0 0 0 0 0 0 0 0 0 0 0 0 0 0 0 0 0 0 0 16 16 16 16 16 16 16 16 16 16 0 10 10 0 100 100 100 100 100 100 100 100 100 100 100 100 100 100 100 0 0 0 0 0 0 0 0 0 0 0 0 0 0 0 42 42 42 42 42 42 42 42 0 80 80 80 80 80 80 80 80 80 80 80 0 0 0 0 0 0 0 0 0 0 0 0 0 0 0 0 0 0 0 0 0 0 0 0 0 0 0 81 81 81 81 81 81 81 81 81 81 81 81 0 0 0
0 0 0 0 0 0 0 0 0 0 0 0 0 0 0 0 0 0 0 0 0 0 0 17 17 17 17 17 17 17 17 17 17 17 17 17 17 17 0 0 0 0 0 0 0 0 0 0 0 0 0 0 0 0 0 0 0 0 0 0 0 0 0 0 0 0 0 0 0 0 0 0 0 0 0 0 0 0 0 0 0 0 0 0 0 0 0 0 0 0 0 0 0 0 16 16 16 16 16 16 16 16 16 16 0 10 10 0 100 100 100 100 100 100 100 100 100 100 100 100 100 100 100 0 0 0 0 0 0 0 0 0 0 0 0 0 0 0 42 42 42 42 42 42 42 42 0 80 80 80 80 80 80 80 80 80 80 80 0 0 0 0 0 0 0 0 0 0 0 0 0 0 0 0 0 0 0 0 0 0 0 0 0 0 0 81 81 81 81 81 81 81 81 81 81 81 81 0 0 0
0 0 0 0 0 0 0 0 0 0 0 0 0 0 0 0 0 0 0 0 0 0 0 17 17 17 17 17 17 17 17 17 17 17 17 17 17 17 0 0 0 0 0 0 0 0 0 0 0 0 0 0 0 0 0 0 0 0 0 0 0 0 0 0 0 0 0 0 0 0 0 0 0 0 0 0 0 0 0 0 0 0 0 0 0 0 0 0 0 0 0 0 0 0 16 16 16 16 16 16 16 16 16 16 0 0 0 0 100 100 100 100 100 100 100 100 100 100 100 100 100 100 100 0 0 0 0 0 0 0 0 0 0 0 0 0 0 0 42 42 42 42 42 42 42 42 0 80 80 80 80 80 80 80 80 80 80 80 0 0 0 0 0 0 0 0 0 0 0 0 0 0 0 0 0 0 0 0 0 0 0 0 0 0 0 81 81 81 81 81 81 81 81 81 81 81 81 0 0 0
0 0 0 0 0 0 0 0 0 0 0 0 0 0 0 0 0 0 0 0 0 0 0 17 17 17 17 17 17 17 17 17 17 17 17 17 17 17 0 0 0 0 0 0 0 0 0 0 0 0 0 0 0 0 0 0 0 0 0 0 0 0 0 0 0 0 0 0 0 0 0 0 0 0 0 0 0 0 0 0 0 0 0 0 0 0 0 0 0 0 0 0 0 0 16 16 16 16 16 16 16 16 16 16 0 0 0 0 100 100 100 100 100 100 100 100 100 100 100 100 100 100 100 0 60 60 60 60 60 60 60 60 0 0 0 0 0 0 42 42 42 42 42 42 42 42 0 80 80 80 80 80 80 80 80 80 80 80 0 0 0 0 0 0 0 0 0 0 0 0 0 0 0 0 0 0 0 0 0 0 0 0 0 0 0 81 81 81 81 81 81 81 81 81 81 81 81 0 0 0
0 0 0 0 0 0 0 0 0 0 0 0 0 0 0 0 0 0 0 0 0 0 0 17 17 17 17 17 17 17 17 17 17 17 17 17 17 17 17 0 0 0 0 0 0 0 0 0 0 0 0 0 0 0 0 0 0 0 0 0 0 0 0 0 0 0 0 0 0 0 0 0 0 0 0 0 0 0 0 0 0 0 0 87 87 87 87 87 87 87 87 87 87 0 16 16 16 16 16 16 16 16 16 16 0 0 0 0 100 100 100 100 100 100 100 100 100 100 100 100 100 100 100 0 60 60 60 60 60 60 60 60 0 0 0 0 0 0 0 0 0 0 0 0 0 0 0 0 80 80 80 80 80 80 80 80 80 80 0 0 0 0 0 0 0 0 0 0 0 0 0 0 0 0 0 0 0 0 0 0 0 0 0 0 0 81 81 81 81 81 81 81 81 81 81 81 81 0 0 0
0 0 0 0 0 0 0 0 0 0 0 0 0 0 0 0 0 0 0 0 0 0 0 17 17 17 17 17 17 17 17 17 17 17 17 17 17 17 17 0 0 0 0 0 0 0 0 0 0 0 0 0 0 0 0 0 0 0 0 0 0 0 0 0 0 0 0 0 0 0 0 0 0 0 0 0 0 0 0 0 0 0 0 87 87 87 87 87 87 87 87 87 87 0 16 16 16 16 16 16 16 16 16 16 0 0 0 0 100 100 100 100 100 100 100 100 100 100 100 100 100 100 100 0 60 60 60 60 60 60 60 60 0 0 0 0 0 0 0 0 0 0 0 0 0 0 0 0 80 80 80 80 80 80 80 80 80 80 0 0 0 0 0 0 0 0 0 0 0 0 0 0 0 0 0 0 0 0 0 0 0 0 0 0 0 81 81 81 81 81 81 81 81 81 81 81 81 0 0 0
0 0 0 0 0 0 0 0 0 0 0 0 0 0 0 0 0 0 0 0 0 0 0 17 17 17 17 17 17 17 17 17 17 17 17 17 17 17 17 0 0 0 0 0 0 0 0 0 0 0 0 0 0 0 0 0 0 0 0 0 0 0 0 0 0 0 0 0 0 0 0 0 0 0 0 0 0 0 0 0 0 0 0 87 87 87 87 87 87 87 87 87 87 0 16 16 16 16 16 16 16 16 16 16 0 0 0 0 100 100 100 100 100 100 100 100 100 100 100 100 100 100 100 0 60 60 60 60 60 60 60 60 0 0 0 0 0 0 0 0 0 0 0 0 0 0 0 0 0 0 0 0 0 0 0 0 0 0 0 0 0 0 0 0 0 0 0 0 0 0 0 0 0 0 0 0 0 0 0 0 0 0 0 0 0 81 81 81 81 81 81 81 81 81 81 81 81 0 0 0
0 0 0 0 0 0 0 0 0 0 0 0 0 0 0 0 0 0 0 0 0 0 0 17 17 17 17 17 17 17 17 17 17 17 17 17 17 17 17 0 0 0 0 0 0 0 0 0 0 0 0 0 0 0 0 0 0 0 0 0 0 0 0 0 0 0 0 0 0 0 0 0 0 0 0 0 0 0 0 0 0 0 0 87 87 87 87 87 87 87 87 87 87 0 16 16 16 16 16 16 16 16 16 16 0 0 0 0 100 100 100 100 100 100 100 100 100 100 100 100 100 100 100 0 60 60 60 60 60 60 60 60 0 0 0 0 0 0 0 0 0 0 0 0 0 0 0 0 0 0 0 0 0 0 0 0 0 0 0 0 0 0 0 0 0 0 0 0 0 0 0 0 0 0 0 0 0 0 0 0 0 0 0 0 0 0 0 0 0 0 0 0 0 0 0 0 0 0 0 0
0 0 0 0 0 0 0 0 0 0 0 0 0 0 0 0 0 0 0 0 0 0 0 0 0 0 0 0 0 0 0 0 0 0 0 0 0 0 0 0 0 0 0 0 0 0 0 0 0 0 0 0 0 0 0 0 0 0 0 0 0 0 0 0 0 0 0 0 0 0 0 0 0 0 0 0 0 0 0 0 0 0 0 87 87 87 87 87 87 87 87 87 87 0 16 16 16 16 16 16 16 16 16 16 0 0 0 0 0 0 0 0 0 0 100 100 100 0 0 0 0 0 0 60 60 60 60 60 60 60 60 60 0 0 0 0 0 0 0 0 0 0 0 0 0 0 0 0 0 0 0 0 0 0 0 0 0 0 0 0 0 0 0 0 0 0 0 0 0 0 0 0 0 0 0 0 0 0 0 0 0 0 0 0 0 0 0 0 0 0 0 0 0 0 0 0 0 0 0 0
0 0 0 0 0 0 0 0 0 0 0 0 0 0 0 0 0 0 0 0 0 0 0 0 0 0 0 0 0 0 0 0 0 0 0 0 0 0 0 0 0 0 0 0 0 0 0 0 0 0 0 0 0 0 0 0 0 0 0 0 0 0 0 0 0 0 0 0 0 0 0 0 0 0 0 0 0 0 0 0 0 0 0 87 87 87 87 87 87 87 87 87 87 0 16 16 16 16 16 16 16 16 16 16 0 0 0 0 0 0 0 0 0 60 0 0 0 60 60 60 60 60 60 60 60 60 60 60 60 60 60 60 0 0 0 0 0 0 0 0 0 0 0 0 0 0 0 0 0 0 0 74 74 74 74 0 0 0 0 0 0 0 0 0 0 0 0 0 0 0 0 0 0 0 0 0 0 0 0 0 0 0 0 0 0 0 0 0 0 0 0 0 0 0 0 0 0 0 0 0
0 0 0 0 0 0 0 0 0 0 0 0 0 0 0 0 0 0 0 0 0 0 0 0 0 0 0 0 0 0 0 0 0 0 0 0 0 0 0 0 0 0 0 0 0 0 28 28 28 28 28 28 28 28 28 28 28 0 0 0 0 0 0 0 0 0 0 0 0 0 0 0 0 0 0 0 0 0 0 0 0 0 0 87 87 87 87 87 87 87 87 87 87 87 0 0 0 0 0 0 0 0 0 0 0 0 0 0 0 0 0 0 0 60 60 60 60 60 60 60 60 60 60 60 60 60 60 60 60 60 60 60 0 0 0 0 0 74 74 74 74 74 74 74 74 74 74 74 74 74 74 74 74 74 74 0 0 0 45 45 45 45 45 45 45 45 45 45 0 0 0 0 0 0 0 0 0 0 0 0 0 0 0 0 0 0 0 0 0 0 0 0 0 0 0 0 0 0 0 0
0 0 0 0 0 0 0 0 0 0 0 0 0 0 0 0 0 0 0 0 0 0 0 0 0 0 0 0 0 0 0 0 0 0 0 0 0 0 0 0 0 0 0 0 0 0 0 28 28 28 28 28 28 28 28 28 28 0 0 0 0 0 0 0 0 0 0 0 0 0 0 0 0 0 0 0 0 0 0 0 0 0 0 87 87 87 87 87 87 87 87 87 87 87 87 87 87 87 0 0 0 0 0 0 0 0 0 0 0 0 0 0 0 60 60 60 60 60 60 60 60 60 60 60 60 60 60 60 60 60 60 60 0 0 0 0 0 74 74 74 74 74 74 74 74 74 74 74 74 74 74 74 74 74 74 0 0 0 45 45 45 45 45 45 45 45 45 45 0 0 0 0 0 0 0 0 0 0 0 0 0 0 0 0 0 0 0 0 0 0 0 0 0 0 0 0 0 0 0 0
0 0 0 0 0 0 0 0 0 0 0 0 0 0 0 0 0 0 0 0 0 0 0 0 0 0 0 0 0 0 0 0 0 0 0 0 0 0 0 0 0 0 0 0 0 0 0 28 28 28 28 28 28 28 28 28 28 0 0 0 0 0 0 0 0 0 0 0 0 0 0 0 0 0 0 0 0 0 0 0 0 0 0 87 87 87 87 87 87 87 87 87 87 87 87 87 87 87 0 0 0 0 0 0 0 0 0 0 0 0 0 0 0 60 60 60 60 60 60 60 60 60 60 60 60 60 60 60 60 60 60 60 0 0 0 0 0 74 74 74 74 74 74 74 74 74 74 74 74 74 74 74 74 74 74 0 0 0 45 45 45 45 45 45 45 45 45 45 0 0 0 0 0 0 0 0 0 0 0 0 0 0 0 0 0 0 0 0 0 0 0 0 0 0 0 0 0 0 0 0
0 0 0 0 0 13 13 13 13 13 13 13 13 13 13 13 13 13 0 0 0 0 0 0 0 0 0 0 0 0 0 0 0 0 0 0 0 0 0 0 0 0 0 0 0 0 0 28 28 28 28 28 28 28 28 28 28 0 0 0 0 0 0 0 0 0 0 0 0 0 0 0 0 0 0 0 0 0 0 0 0 0 0 87 87 87 87 87 87 87 87 87 87 87 87 87 87 87 0 0 0 0 0 0 0 0 0 0 0 0 0 0 0 60 60 60 60 60 60 60 60 60 60 60 60 60 60 60 60 60 60 60 0 0 0 0 0 74 74 74 74 74 74 74 74 74 74 74 74 74 74 74 74 74 74 0 0 0 45 45 45 45 45 45 45 45 45 45 0 0 0 0 0 0 0 0 0 0 0 0 0 0 0 0 0 0 0 0 0 0 0 0 0 0 0 0 0 0 0 0
0 0 0 0 0 13 13 13 13 13 13 13 13 13 13 13 13 13 0 0 0 0 0 0 0 0 0 0 0 0 0 0 0 0 0 0 0 0 0 0 0 0 0 0 0 0 0 28 28 28 28 28 28 28 28 28 28 0 0 0 0 0 0 0 0 0 0 0 0 0 0 0 0 0 0 0 0 0 0 0 0 0 0 87 87 87 87 87 87 87 87 87 87 87 87 87 87 87 0 0 0 0 0 0 0 0 0 0 0 0 0 0 0 60 60 60 60 60 60 60 0 0 0 0 0 0 0 0 0 0 0 60 0 0 0 0 0 74 74 74 74 74 74 74 74 74 74 74 74 74 74 74 74 74 74 0 0 0 45 45 45 45 45 45 45 45 45 45 0 0 0 0 0 0 0 0 0 0 90 90 90 90 90 90 90 90 90 90 90 0 0 0 0 0 0 0 0 0 0 0
0 0 0 0 0 13 13 13 13 13 13 13 13 13 13 13 13 13 0 0 0 0 0 0 0 0 0 0 0 0 0 0 0 0 0 0 0 0 0 0 0 0 0 0 0 0 0 28 28 28 28 28 28 28 28 28 28 0 0 0 0 0 0 0 0 0 0 0 0 0 0 0 0 0 0 0 0 0 0 0 0 0 0 87 87 87 87 87 87 87 87 87 87 87 87 87 87 87 0 0 0 0 0 0 0 0 0 0 0 0 0 0 0 60 60 60 60 60 60 0 39 39 39 39 39 39 39 39 39 39 39 0 0 0 0 0 0 74 74 74 74 74 74 74 74 74 74 74 74 74 74 74 74 74 74 0 0 0 45 45 45 45 45 45 45 45 45 45 0 0 0 0 0 90 90 90 90 90 90 90 90 90 90 90 90 90 90 90 90 0 0 0 0 0 0 0 0 0 0 0
0 0 0 0 0 13 13 13 13 13 13 13 13 13 13 13 13 13 0 0 0 0 0 0 0 0 0 0 0 0 0 0 0 0 0 0 0 0 0 0 0 0 0 0 0 0 0 28 28 28 28 28 28 28 28 28 28 0 0 0 0 0 0 0 0 0 0 0 0 0 0 0 0 0 0 0 0 0 0 0 0 0 0 87 87 87 87 87 87 87 87 87 87 87 87 87 87 87 0 0 0 0 0 0 0 0 0 0 0 0 0 0 0 60 60 60 60 60 60 0 39 39 39 39 39 39 39 39 39 39 39 0 0 0 0 0 0 74 74 74 74 74 74 74 74 74 74 74 74 74 74 74 74 74 74 0 0 0 45 45 45 45 45 45 45 45 45 45 0 0 0 0 0 90 90 90 90 90 90 90 90 90 90 90 90 90 90 90 90 0 0 0 0 0 0 0 0 0 0 0
0 0 0 0 0 13 13 13 13 13 13 13 13 13 13 13 13 13 0 0 0 0 0 0 0 89 89 89 89 89 89 89 89 89 89 89 89 89 89 89 0 0 0 0 0 0 0 28 28 28 28 28 28 28 28 28 28 0 0 0 0 0 0 0 0 0 0 0 0 0 0 0 0 0 0 0 0 0 0 0 0 0 0 87 87 87 87 87 87 87 87 87 87 87 87 87 87 87 87 0 0 0 0 0 0 0 0 0 0 0 0 0 0 0 60 60 60 60 60 0 39 39 39 39 39 39 39 39 39 39 39 0 0 0 0 0 0 74 74 74 74 74 74 74 74 74 74 74 74 74 74 74 74 74 74 0 0 0 45 45 45 45 45 45 45 45 45 45 0 0 0 0 0 90 90 90 90 90 90 90 90 90 90 90 90 90 90 90 90 0 0 0 0 0 0 0 0 0 0 0
0 0 0 0 0 13 13 13 13 13 13 13 13 13 13 13 13 13 0 29 29 29 29 29 0 89 89 89 89 89 89 89 89 89 89 89 89 89 89 89 0 0 0 0 0 0 0 28 28 28 28 28 28 28 28 28 28 0 0 0 0 0 0 0 0 0 0 0 0 0 0 0 0 0 0 0 0 0 0 0 0 0 0 87 87 87 87 87 87 87 87 87 87 87 87 87 87 87 87 0 0 0 0 0 0 0 0 0 0 0 0 0 0 0 60 60 60 60 60 0 39 39 39 39 39 39 39 39 39 39 39 0 0 0 0 0 0 74 74 74 74 74 74 74 74 74 74 74 74 74 74 74 74 74 74 0 0 0 45 45 45 45 45 45 45 45 45 45 0 0 0 0 0 90 90 90 90 90 90 90 90 90 90 90 90 90 90 90 90 0 0 0 0 0 0 0 0 0 0 0
0 0 0 0 0 13 13 13 13 13 13 13 13 13 13 13 13 13 0 29 29 29 29 29 0 89 89 89 89 89 89 89 89 89 89 89 89 89 89 89 0 0 0 0 0 0 0 28 28 28 28 28 28 28 28 28 28 0 0 0 0 0 0 0 0 0 0 0 0 0 0 0 0 0 0 0 0 0 0 0 0 0 0 87 87 87 87 87 87 87 87 87 87 87 87 87 87 87 87 0 0 0 0 0 0 0 0 0 0 0 0 0 0 0 60 60 60 60 60 0 39 39 39 39 39 39 39 39 39 39 39 0 0 0 0 0 0 74 74 74 74 74 74 74 74 74 74 74 74 74 74 74 74 74 74 0 0 0 45 45 45 45 45 45 45 45 45 45 0 0 0 0 0 90 90 90 90 90 90 90 90 90 90 90 90 90 90 90 90 0 0 0 0 0 0 0 0 0 0 0
0 0 0 0 0 13 13 13 13 13 13 13 13 13 13 13 13 13 0 29 29 29 29 29 0 89 89 89 89 89 89 89 89 89 89 89 89 89 89 89 0 0 0 0 0 0 0 28 28 28 28 28 28 28 28 28 28 0 0 0 0 0 0 0 0 0 0 0 0 0 0 0 0 0 0 0 0 0 0 0 0 0 0 0 0 0 0 0 0 0 0 0 0 0 0 0 0 0 0 0 0 0 0 0 0 0 0 0 0 0 0 0 0 0 0 0 0 0 0 0 39 39 39 39 39 39 39 39 39 39 39 0 0 0 0 0 0 74 74 74 0 0 0 0 0 0 0 0 0 0 0 0 0 0 0 0 0 0 45 45 45 45 45 45 45 45 45 45 0 0 0 0 0 90 90 90 90 90 90 90 90 90 90 90 90 90 90 90 90 0 0 0 0 0 0 0 0 0 0 0
0 0 0 0 0 13 13 13 13 13 13 13 13 13 13 13 13 13 0 29 29 29 29 29 0 89 89 89 89 89 89 89 89 89 89 89 89 89 89 89 0 0 0 0 0 0 0 0 0 0 0 0 0 0 0 0 0 0 0 0 0 0 0 0 0 0 0 0 0 0 0 0 0 0 0 0 0 0 0 0 0 0 0 0 0 0 0 0 0 0 0 0 0 0 0 0 0 0 0 0 0 0 0 0 0 0 0 0 0 0 0 0 0 0 0 0 0 0 0 0 39 39 39 39 39 39 39 39 39 39 39 0 0 0 0 0 0 74 74 0 49 49 49 49 49 49 49 49 49 49 49 49 49 49 49 49 49 49 0 0 0 0 0 0 0 0 0 0 0 0 0 0 0 90 90 90 90 90 90 90 90 90 90 90 90 90 90 90 90 0 0 0 0 0 0 0 0 0 0 0
0 0 0 0 0 0 13 13 13 13 13 13 13 13 13 13 13 13 0 29 29 29 29 29 0 89 89 89 89 89 89 89 89 89 89 89 89 89 89 89 0 0 0 0 0 0 0 0 0 0 0 0 0 0 0 0 0 0 0 0 0 0 0 0 0 0 0 0 0 0 0 0 0 0 0 0 0 0 0 0 0 0 0 0 0 0 0 0 0 0 0 0 0 0 0 0 0 0 0 0 0 0 0 0 0 0 0 0 0 0 0 0 0 0 0 0 0 0 0 0 39 39 39 39 39 39 39 39 39 39 39 0 0 0 0 0 0 74 74 0 49 49 49 49 49 49 49 49 49 49 49 49 49 49 49 49 49 49 0 0 0 0 0 0 0 0 0 0 0 0 0 0 0 90 90 90 90 90 90 90 90 90 90 90 90 90 90 90 90 0 0 0 0 0 0 0 0 0 0 0
0 0 0 0 0 0 13 13 13 13 13 13 13 13 13 13 13 13 0 29 29 29 29 29 0 89 89 89 89 89 89 89 89 89 89 89 89 89 89 89 0 0 0 0 0 0 0 0 0 0 0 0 0 0 0 0 0 0 0 0 0 0 0 0 0 0 0 0 0 0 0 0 0 0 0 0 0 0 0 0 0 0 0 0 0 0 0 0 0 0 0 0 0 0 0 0 0 0 0 0 0 0 0 0 0 0 0 0 0 0 0 0 0 0 0 0 0 0 0 0 39 39 39 39 39 39 39 39 39 39 39 0 0 0 0 0 0 0 0 0 49 49 49 49 49 49 49 49 49 49 49 49 49 49 49 49 49 49 0 0 0 0 0 0 0 0 0 0 0 0 0 0 0 90 90 90 90 90 90 90 90 90 90 90 90 90 90 90 90 0 0 0 0 0 0 0 0 0 0 0
0 0 0 0 0 0 13 13 13 13 13 13 13 13 13 13 13 13 0 29 29 29 29 29 0 89 89 89 89 89 89 89 89 89 89 89 89 89 89 89 0 0 0 0 0 0 0 0 0 0 0 0 0 0 0 0 0 0 0 0 0 0 0 0 0 0 0 0 0 0 0 0 0 0 0 0 0 0 0 0 0 0 0 0 0 0 0 0 0 0 0 0 0 0 0 0 0 0 0 0 0 0 0 0 0 0 0 0 0 0 0 0 0 0 0 0 0 0 0 0 39 39 39 39 39 39 39 39 39 39 39 0 0 0 0 0 0 0 0 0 49 49 49 49 49 49 49 49 49 49 49 49 49 49 49 49 49 49 0 0 0 0 0 0 0 0 0 0 0 0 0 0 0 90 90 90 90 90 90 90 90 90 90 90 90 90 90 90 90 0 0 0 0 0 0 0 0 0 0 0
0 0 0 0 0 0 13 13 13 13 13 13 13 13 13 13 13 13 0 29 29 29 29 29 0 89 89 89 89 89 89 89 89 89 89 89 89 89 89 89 0 0 0 0 0 0 0 0 0 0 0 0 0 0 0 0 0 0 0 0 0 0 0 0 0 0 0 0 0 0 0 0 0 0 0 0 0 0 0 0 0 0 0 0 0 0 0 0 0 0 0 0 0 0 0 0 0 0 0 0 0 0 0 0 0 0 0 0 0 0 0 0 0 0 0 0 0 0 0 0 39 39 39 39 39 39 39 39 39 39 39 0 0 0 0 0 0 0 0 0 49 49 49 49 49 49 49 49 49 49 49 49 49 49 49 49 49 49 0 0 0 0 0 0 0 0 0 0 0 0 0 0 0 90 90 90 90 90 90 90 90 90 90 90 90 90 90 90 90 0 0 0 0 0 0 0 0 0 0 0
0 0 0 0 0 0 0 0 0 0 0 0 0 0 0 0 0 0 29 29 29 29 29 29 0 89 89 89 89 89 89 89 89 89 89 89 89 89 89 89 0 0 0 0 0 0 0 0 0 0 0 0 0 0 0 0 0 0 0 0 0 0 0 0 0 0 0 0 0 0 0 0 0 0 0 0 0 0 0 0 0 0 0 0 0 0 0 0 0 0 0 0 0 0 0 0 0 0 0 0 0 0 0 0 0 0 0 0 0 0 0 0 0 0 0 0 0 0 0 0 0 0 39 39 39 39 39 39 39 39 0 0 0 0 0 0 0 0 0 0 49 49 49 49 49 49 49 49 49 49 49 49 49 0 0 0 0 0 0 0 0 0 0 0 0 0 0 0 0 0 0 0 0 90 90 90 90 90 0 0 0 0 0 0 0 0 0 0 0 0 0 0 0 0 0 0 0 0 0 0
0 0 0 0 0 0 0 0 0 0 0 0 0 0 29 29 29 29 29 29 29 29 29 29 0 89 89 89 89 89 89 89 89 89 89 89 89 89 89 89 0 0 0 0 0 0 0 0 0 0 0 0 0 0 0 0 0 0 0 0 0 0 0 0 0 0 0 0 0 0 0 0 0 0 0 0 0 0 0 0 0 0 0 0 0 0 0 0 0 0 0 0 0 0 0 0 0 0 0 0 0 0 0 0 0 0 0 0 0 0 0 0 0 0 0 0 0 0 0 0 0 0 0 0 0 0 0 0 0 0 0 0 0 0 0 0 0 0 0 0 49 49 49 49 49 49 49 49 49 49 49 49 0 11 11 11 11 11 11 11 11 11 11 11 11 11 11 11 0 0 0 0 0 90 90 90 90 0 26 26 26 26 26 26 26 26 26 26 26 26 26 26 26 26 26 0 0 0 0 0
0 0 0 0 0 0 0 0 0 0 0 0 0 0 29 29 29 29 29 29 29 29 29 29 0 89 89 89 89 89 89 89 89 89 89 89 89 89 89 89 0 0 0 0 0 0 0 0 0 0 0 0 0 0 0 0 0 0 0 0 0 0 0 0 0 0 0 0 0 0 0 0 0 0 0 0 0 0 0 0 0 0 0 0 0 0 0 0 0 0 0 0 0 0 0 0 0 0 0 0 0 0 0 0 0 0 0 0 0 0 0 0 0 0 0 0 0 0 0 0 0 0 0 0 0 0 0 0 0 0 0 0 0 0 0 0 0 0 0 0 49 49 49 49 49 49 49 49 49 49 49 49 0 11 11 11 11 11 11 11 11 11 11 11 11 11 11 11 0 0 0 0 0 90 90 90 90 0 26 26 26 26 26 26 26 26 26 26 26 26 26 26 26 26 26 0 0 0 0 0
0 0 0 0 0 0 0 0 0 0 0 0 0 0 29 29 29 29 29 29 29 29 29 29 0 89 89 89 89 89 89 89 89 89 89 89 89 89 89 89 0 0 0 0 0 0 0 0 0 0 0 0 0 0 0 0 0 0 0 0 0 0 0 0 0 0 0 0 0 0 0 0 0 0 0 0 0 0 0 0 0 0 0 0 0 0 0 0 0 0 0 0 0 0 0 0 0 0 0 0 0 0 0 0 0 0 0 0 0 0 0 0 0 0 0 0 0 0 0 0 0 0 0 0 0 0 0 0 0 0 0 0 0 0 0 0 0 0 0 0 49 49 49 49 49 49 49 49 49 49 49 49 0 11 11 11 11 11 11 11 11 11 11 11 11 11 11 11 0 0 0 0 0 90 90 90 90 0 26 26 26 26 26 26 26 26 26 26 26 26 26 26 26 26 26 0 0 0 0 0
0 0 0 0 0 0 0 0 0 0 0 0 0 0 29 29 29 29 29 29 29 29 29 29 0 89 89 89 89 89 89 89 89 89 89 89 89 89 89 89 0 0 0 0 0 0 0 0 0 0 0 0 0 0 0 0 0 0 0 0 0 0 0 0 0 0 0 0 0 0 0 0 0 0 0 0 0 0 0 0 0 0 0 0 0 0 0 0 0 0 0 0 0 0 0 0 0 0 0 0 0 0 0 0 0 0 0 0 0 0 0 0 0 0 0 0 0 0 0 0 0 0 0 0 0 0 0 0 0 0 0 0 0 0 0 0 0 0 0 0 49 49 49 49 49 49 49 49 49 49 49 49 0 11 11 11 11 11 11 11 11 11 11 11 11 11 11 11 0 0 0 0 0 0 0 0 0 0 0 0 0 26 26 26 26 26 26 26 26 26 26 26 26 26 26 0 0 0 0 0
0 0 0 0 0 0 0 0 0 0 0 0 0 0 29 29 29 29 29 29 29 29 29 29 0 89 89 89 89 89 89 89 89 89 89 89 89 89 89 89 89 0 0 0 0 0 0 0 0 0 0 0 0 0 0 0 0 0 0 0 0 0 0 0 0 0 0 0 0 0 0 0 0 0 0 0 0 0 0 0 0 0 0 0 0 0 0 0 0 0 0 0 0 0 0 0 0 0 0 0 0 0 0 0 0 0 0 0 0 0 0 0 0 0 0 0 0 0 0 0 0 0 0 0 0 0 0 0 0 0 0 0 0 0 0 0 0 0 0 0 49 49 49 49 49 49 49 49 49 49 49 49 0 11 11 11 11 11 11 11 11 11 11 11 11 11 11 11 0 0 63 63 63 63 63 63 63 63 63 63 63 0 26 26 26 26 26 26 26 26 26 26 26 26 26 0 0 0 0 0
0 0 0 0 0 0 0 0 0 0 0 0 0 0 29 29 29 29 29 29 29 29 29 29 0 89 89 89 89 89 89 89 89 89 89 89 89 89 89 89 89 0 0 0 0 0 0 0 0 0 0 0 0 0 0 0 0 0 0 0 0 0 0 77 77 77 77 77 77 77 77 77 77 77 77 77 0 0 0 0 0 0 0 0 0 0 0 0 0 0 0 0 0 0 0 0 0 0 0 0 0 0 0 0 0 0 0 0 0 0 0 0 0 0 0 0 0 0 0 0 0 0 0 0 0 0 0 0 0 0 0 0 0 0 0 0 0 0 0 0 49 49 49 49 49 49 49 49 49 49 49 49 0 11 11 11 11 11 11 11 11 11 11 11 11 11 11 11 0 0 63 63 63 63 63 63 63 63 63 63 63 0 26 26 26 26 26 26 26 26 26 26 26 26 26 0 0 0 0 0
0 0 0 0 0 0 0 0 0 0 0 0 0 0 0 0 0 0 0 0 0 0 0 0 0 0 0 0 0 0 0 0 0 0 0 0 0 0 0 0 0 0 0 0 0 0 0 0 0 0 0 0 0 0 0 0 0 0 0 0 0 0 0 77 77 77 77 77 77 77 77 77 77 77 77 77 0 0 0 0 0 0 0 0 0 0 0 0 0 0 0 0 0 0 0 0 0 0 0 0 0 0 0 0 0 0 0 0 0 0 0 0 0 0 0 0 0 0 0 0 0 0 0 0 0 0 0 0 0 0 0 0 0 0 0 0 0 0 0 0 49 49 49 49 49 49 49 49 49 49 49 49 0 11 11 11 11 11 11 11 11 11 11 11 11 11 11 11 0 0 63 63 63 63 63 63 63 63 63 63 63 63 0 26 26 26 26 26 26 26 26 26 26 26 26 0 0 0 0 0
0 0 0 0 0 0 0 0 0 0 0 0 0 0 0 0 0 0 0 0 0 0 0 0 0 0 0 0 0 0 0 0 0 0 0 0 0 0 0 0 0 0 0 0 0 0 0 0 0 0 0 0 0 0 0 0 0 0 0 0 0 0 0 77 77 77 77 77 77 77 77 77 77 77 77 77 77 0 0 0 0 0 0 0 0 0 0 0 0 0 0 0 0 0 0 0 0 0 0 0 0 0 0 0 0 0 0 0 0 0 0 0 0 0 0 0 0 0 0 0 0 0 0 0 0 0 0 0 0 0 0 0 0 0 0 0 0 0 0 0 49 49 49 49 49 49 49 49 49 49 49 49 0 11 11 11 11 11 11 11 11 11 11 11 11 11 11 11 0 0 63 63 63 63 63 63 63 63 63 63 63 63 0 26 26 26 26 26 26 26 26 26 26 26 26 0 0 0 0 0
0 0 0 0 0 0 0 0 0 0 0 0 0 0 0 0 0 0 0 0 0 0 0 0 0 0 0 0 0 0 0 0 0 0 0 0 0 0 0 0 0 0 0 0 0 0 0 0 0 0 0 0 0 0 0 0 0 0 0 0 0 0 0 77 77 77 77 77 77 77 77 77 77 77 77 77 77 0 0 0 0 0 0 0 0 0 0 0 0 0 0 0 0 0 0 0 0 0 0 0 0 0 0 0 0 0 0 0 0 0 0 0 0 0 0 0 0 0 0 0 0 0 0 0 0 0 0 0 0 0 0 0 0 0 0 0 0 0 0 0 49 49 49 49 49 49 49 49 49 49 49 49 0 11 11 11 11 11 11 11 11 11 11 11 11 11 11 11 0 0 63 63 63 63 63 63 63 63 63 63 63 63 0 26 26 26 26 26 26 26 26 26 26 26 26 0 0 0 0 0
0 0 0 0 0 0 0 0 0 0 0 0 0 0 0 0 0 0 0 0 0 0 0 0 0 0 0 0 0 0 0 0 0 0 0 0 0 0 0 0 0 0 0 0 0 0 0 0 0 0 0 0 0 0 0 0 0 0 0 0 0 0 0 77 77 77 77 77 77 77 77 77 77 77 77 77 77 0 0 0 0 0 0 0 0 0 0 0 0 0 0 0 0 0 0 0 0 0 0 0 0 0 0 0 0 0 0 0 0 0 0 0 0 0 0 0 0 0 0 0 0 0 0 0 0 0 0 0 0 0 0 0 0 0 0 0 0 0 0 0 49 49 49 49 49 0 0 0 0 0 0 0 0 0 0 0 0 0 0 0 11 11 11 11 11 11 11 11 0 0 63 63 63 63 63 63 63 63 63 63 63 63 0 26 26 26 26 26 26 26 26 26 26 26 26 0 0 0 0 0
0 0 0 0 0 0 0 0 0 0 0 0 0 0 0 0 0 0 0 0 0 0 0 0 0 0 0 0 0 0 0 0 0 0 0 0 0 0 0 0 0 0 0 0 0 0 0 0 0 0 0 0 0 0 0 0 0 0 0 0 0 0 0 77 77 77 77 77 77 77 77 77 77 77 77 77 77 0 0 0 0 0 0 0 0 0 0 0 0 0 0 0 0 0 0 0 0 0 0 0 0 0 0 0 0 0 0 0 0 0 0 0 0 0 0 0 0 0 0 0 0 0 0 0 0 0 0 0 0 0 0 0 0 0 0 0 0 0 0 0 49 49 49 49 0 98 98 98 98 98 98 98 98 98 98 98 98 98 98 98 0 11 11 11 11 11 11 11 0 0 63 63 63 63 63 63 63 63 63 63 63 63 0 26 26 26 26 26 26 26 26 26 26 26 26 0 0 0 0 0
0 0 0 0 0 0 0 0 0 0 0 0 0 0 0 0 0 0 0 0 0 0 0 0 0 0 0 0 0 0 0 0 0 0 0 0 0 0 0 0 0 0 0 0 0 0 0 0 0 0 0 0 0 0 0 0 0 0 0 0 0 0 0 77 77 77 77 77 77 77 77 77 77 77 77 77 77 0 0 0 0 0 0 0 0 0 0 0 0 0 0 0 0 0 0 0 0 0 0 0 0 0 0 0 0 0 0 0 0 0 0 0 0 0 0 0 0 0 0 0 0 0 0 0 0 0 0 0 0 0 0 0 0 0 0 0 0 0 0 0 49 49 49 49 0 98 98 98 98 98 98 98 98 98 98 98 98 98 98 98 0 11 11 11 11 11 11 11 0 0 63 63 63 63 63 63 63 63 63 63 63 63 0 26 26 26 26 26 26 26 26 26 26 26 26 0 0 0 0 0
0 0 0 0 0 0 0 0 0 0 0 0 0 0 0 0 0 0 0 0 0 0 0 0 0 0 0 0 0 0 0 0 0 0 0 0 0 0 0 0 0 0 0 0 0 0 0 0 0 0 0 0 0 0 0 0 0 0 0 0 0 0 0 77 77 77 77 77 77 77 77 77 77 77 77 77 77 0 0 0 0 0 0 0 0 0 0 0 0 0 0 0 0 0 0 0 0 0 0 0 0 0 0 0 0 0 0 0 0 0 0 0 0 0 0 0 0 0 0 0 0 0 0 0 0 0 0 0 0 0 0 0 0 0 0 0 0 0 0 0 49 49 49 49 0 98 98 98 98 98 98 98 98 98 98 98 98 98 98 98 0 11 11 11 11 11 11 11 11 0 63 63 63 63 63 63 63 63 63 63 63 63 0 26 26 26 26 26 26 26 26 26 26 26 26 0 0 0 0 0
0 0 0 0 0 0 0 0 0 0 58 58 58 58 58 58 58 58 58 58 58 0 0 0 0 0 0 0 0 0 0 0 0 0 0 0 0 0 0 0 0 0 0 0 0 0 0 0 0 0 0 0 0 0 0 0 0 0 0 0 0 0 0 77 77 77 77 77 77 77 77 77 77 77 77 77 77 0 0 0 0 0 0 0 0 0 0 0 0 0 0 0 0 0 0 0 0 0 0 0 0 0 0 0 0 0 0 0 0 0 0 0 0 0 0 0 0 0 0 0 0 0 0 0 0 0 0 0 0 0 0 0 0 0 0 0 0 0 0 0 49 49 49 49 0 98 98 98 98 98 98 98 98 98 98 98 98 98 98 98 0 11 11 11 11 11 11 11 11 0 63 63 63 63 63 63 63 63 63 63 63 63 0 26 26 26 26 26 0 0 0 0 0 0 0 0 0 0 66 66
0 0 0 0 0 0 0 0 0 0 58 58 58 58 58 58 58 58 58 58 58 0 0 0 0 0 0 0 0 0 0 0 0 0 0 0 0 0 0 0 0 0 0 0 0 0 0 0 0 0 0 0 0 0 0 0 0 0 0 0 0 0 0 77 77 77 77 77 77 77 77 77 77 77 77 77 77 0 0 0 0 0 0 0 0 0 0 0 0 0 0 0 0 0 0 0 0 0 0 0 0 0 0 0 0 0 0 0 0 0 0 0 0 0 0 0 0 0 0 0 0 0 0 0 0 0 0 0 0 0 0 0 0 0 0 0 0 0 0 0 0 0 0 0 0 98 98 98 98 98 98 98 98 98 98 98 98 98 98 98 0 11 11 11 11 11 11 11 11 0 63 63 63 63 63 63 63 63 63 63 63 63 0 26 26 26 26 0 66 66 66 66 66 66 66 66 66 66 66 66
0 0 0 0 0 0 0 0 0 0 58 58 58 58 58 58 58 58 58 58 58 0 0 0 0 0 0 0 0 0 0 0 0 0 0 0 0 0 0 0 0 0 0 0 0 0 0 0 0 0 0 0 0 0 0 0 0 0 0 0 0 0 0 77 77 77 77 77 77 77 77 77 77 77 77 77 77 0 0 0 0 0 0 0 0 0 0 0 0 0 0 0 0 0 0 0 0 0 0 0 0 0 0 0 0 0 0 0 0 0 0 0 0 0 0 0 51 51 51 51 51 51 51 51 51 51 51 51 0 0 0 0 0 0 0 0 0 0 0 0 0 0 0 0 0 98 98 98 98 98 98 98 98 98 98 98 98 98 98 98 0 11 11 11 11 11 11 11 11 0 63 63 63 63 63 63 63 63 63 63 63 63 0 26 26 26 26 0 66 66 66 66 66 66 66 66 66 66 66 66
0 0 0 0 0 0 0 0 0 0 58 58 58 58 58 58 58 58 58 58 58 0 0 0 0 0 0 0 0 0 0 0 0 0 0 0 0 0 0 0 0 0 0 0 0 0 0 0 0 0 0 0 0 0 0 0 0 0 0 0 0 0 0 77 77 77 77 77 77 77 77 77 77 77 77 77 77 0 0 0 0 0 0 0 0 0 0 0 0 0 0 0 0 0 0 0 0 0 0 0 0 0 0 0 0 0 0 0 0 0 0 0 0 0 0 0 51 51 51 51 51 51 51 51 51 51 51 51 0 0 0 0 0 0 0 0 0 0 0 0 0 0 0 0 0 98 98 98 98 98 98 98 98 98 98 98 98 98 98 98 0 0 0 0 0 0 0 0 0 0 0 0 0 0 0 0 0 0 0 0 0 0 26 26 26 26 26 0 66 66 66 66 66 66 66 66 66 66 66 66
0 0 0 0 0 0 0 0 0 0 58 58 58 58 58 58 58 58 58 58 58 58 0 0 0 0 0 0 0 0 0 0 0 0 0 0 0 0 0 0 0 0 0 0 0 0 0 0 0 0 0 0 0 0 0 0 0 0 0 0 0 0 0 77 77 77 77 77 77 77 77 77 77 77 77 77 77 0 0 0 0 0 0 0 0 0 0 0 0 0 0 0 0 0 0 0 0 0 0 0 0 0 0 0 0 0 0 0 0 0 0 0 0 0 0 0 51 51 51 51 51 51 51 51 51 51 51 51 0 0 0 0 0 0 0 0 0 0 0 0 0 0 0 0 0 98 98 98 98 98 98 98 98 98 98 98 98 98 98 98 0 0 0 0 0 0 0 0 0 0 0 0 0 0 0 0 0 0 0 0 0 0 0 0 26 26 26 0 66 66 66 66 66 66 66 66 66 66 66 66
0 0 0 0 0 0 0 0 0 0 58 58 58 58 58 58 58 58 58 58 58 58 0 0 0 0 0 0 0 0 0 0 0 0 0 0 0 0 0 0 0 0 0 0 0 0 0 0 0 0 0 0 0 0 0 0 0 0 0 0 0 0 0 77 77 77 77 77 77 77 77 77 77 77 77 77 77 0 0 0 0 0 0 0 0 0 0 0 0 0 0 0 0 0 0 0 0 0 0 0 0 0 0 0 0 0 0 0 0 0 0 0 0 0 0 0 51 51 51 51 51 51 51 51 51 51 51 51 0 0 0 0 0 0 0 0 0 0 0 0 0 0 0 0 0 98 98 98 98 98 98 98 98 98 98 98 98 98 98 98 0 0 0 0 0 0 0 0 0 0 0 0 0 0 0 0 0 0 0 0 0 0 0 0 0 0 0 0 66 66 66 66 66 66 66 66 66 66 66 66
0 0 0 0 0 0 0 0 0 0 58 58 58 58 58 58 58 58 58 58 58 58 0 0 0 0 0 0 0 0 0 0 0 0 0 0 0 0 0 0 0 0 0 0 0 0 0 0 0 0 0 0 0 0 0 0 0 0 0 0 0 0 0 0 0 0 0 0 0 0 0 0 0 0 0 0 0 52 52 52 52 52 52 52 52 52 52 52 52 52 52 0 76 76 76 76 76 76 76 76 0 0 0 0 0 0 0 0 0 0 0 0 0 0 0 0 51 51 51 51 51 51 51 51 51 51 51 51 0 0 0 0 0 0 0 0 0 0 0 0 0 0 0 0 0 98 98 98 98 98 98 98 98 98 98 98 98 98 98 98 0 0 0 0 0 0 0 0 0 0 0 0 0 0 0 0 0 0 0 0 0 0 0 0 0 0 0 0 66 66 66 66 66 66 66 66 66 66 66 66
0 0 0 0 0 0 0 0 0 0 58 58 58 58 58 58 58 58 58 58 58 58 0 0 0 0 0 0 0 0 0 0 0 0 0 0 0 0 0 0 0 0 0 0 0 0 0 0 0 0 0 0 0 0 0 0 0 0 0 0 0 0 0 0 0 0 0 0 0 0 0 0 0 0 52 52 52 52 52 52 52 52 52 52 52 52 52 52 52 52 52 0 76 76 76 76 76 76 76 76 0 0 0 0 0 0 0 0 0 0 0 0 0 0 0 0 51 51 51 51 51 51 51 51 51 51 51 51 0 0 0 0 0 0 0 0 0 0 0 0 0 0 0 0 0 98 98 98 98 98 98 98 98 98 98 98 98 98 98 98 0 0 0 0 0 0 0 0 0 0 0 0 0 0 0 0 0 0 0 0 0 0 0 0 0 0 0 0 66 66 66 66 66 66 66 66 66 66 66 66
0 0 0 0 0 0 0 0 0 0 58 58 58 58 58 58 58 58 58 58 58 58 0 0 0 0 0 0 0 0 0 0 0 0 0 0 0 0 0 0 0 0 0 0 0 0 0 0 0 0 0 0 0 0 0 0 0 0 0 0 0 0 0 0 0 0 0 0 0 0 0 0 0 0 52 52 52 52 52 52 52 52 52 52 52 52 52 52 52 52 52 0 76 76 76 76 76 76 76 76 0 0 0 0 0 0 0 0 0 0 0 0 0 0 0 0 51 51 51 51 51 51 51 51 51 51 51 51 0 0 0 0 0 0 0 0 0 0 0 0 0 0 0 0 0 98 98 98 98 98 98 98 98 98 98 98 98 98 98 98 0 0 0 0 0 0 0 0 0 0 0 0 0 0 0 0 0 0 0 0 0 0 0 0 0 0 0 0 66 66 66 66 66 66 66 66 66 66 66 66
0 0 0 0 0 0 0 0 0 0 58 58 58 58 58 58 58 58 58 58 58 58 0 0 0 0 0 0 0 0 0 0 0 0 0 0 0 0 0 0 0 0 0 0 0 0 0 0 0 0 0 0 0 0 0 0 0 0 0 0 0 0 0 0 0 0 0 0 0 0 0 0 0 0 52 52 52 52 52 52 52 52 52 52 52 52 52 52 52 52 52 0 76 76 76 76 76 76 76 76 0 0 0 0 0 0 0 0 0 0 0 0 0 0 0 0 51 51 51 51 51 51 51 51 51 51 51 51 0 0 0 0 0 0 0 0 0 0 0 0 0 0 0 0 0 98 98 98 98 98 98 98 98 98 98 98 98 98 98 98 0 0 0 0 0 0 0 0 0 0 0 0 0 0 0 0 0 0 0 0 0 0 0 0 0 0 0 0 66 66 66 66 66 66 66 66 66 66 66 66
0 0 0 0 0 0 0 0 0 0 58 58 58 58 58 58 58 58 58 58 58 58 0 0 0 0 0 0 0 0 0 0 0 0 0 0 0 0 0 0 0 0 40 40 40 40 40 40 40 40 40 40 40 40 40 0 0 0 0 0 0 0 0 0 0 0 0 0 0 0 0 0 0 0 52 52 52 52 52 52 52 52 52 52 52 52 52 52 52 52 52 0 76 76 76 76 76 76 76 76 0 0 0 0 0 0 0 0 0 0 0 0 0 0 0 0 51 51 51 51 51 51 51 51 51 51 51 51 0 0 0 0 0 0 0 0 0 0 0 0 0 0 0 0 0 98 98 98 98 98 98 98 98 98 98 98 98 98 98 98 0 0 0 0 0 0 0 0 0 0 0 0 0 0 0 0 0 0 0 0 0 0 0 0 0 0 0 0 66 66 66 66 66 66 66 66 66 66 66 66
0 0 0 0 0 0 0 0 0 0 58 58 58 58 58 58 58 58 58 58 58 58 0 0 0 0 0 0 0 0 0 0 0 0 0 0 0 0 0 0 0 0 40 40 40 40 40 40 40 40 40 40 40 40 40 0 0 0 0 0 0 0 0 0 0 0 0 0 0 0 0 0 0 0 0 52 52 52 52 52 52 52 52 52 52 52 52 52 52 52 52 0 76 76 76 76 76 76 76 76 0 0 0 0 0 0 0 0 0 0 0 0 0 0 0 0 51 51 51 51 51 51 51 51 51 51 51 51 0 0 0 0 0 0 0 0 0 0 0 0 0 0 0 0 0 98 98 98 98 98 98 98 98 98 98 98 98 98 98 98 0 0 0 0 0 0 0 0 0 0 0 0 0 0 0 0 0 0 0 0 0 0 0 0 0 0 0 0 66 66 66 66 66 66 66 66 66 66 66 66
0 0 0 0 0 0 0 0 0 0 0 0 0 0 0 0 0 0 0 0 0 0 0 0 0 0 0 0 0 0 0 0 0 0 0 0 0 0 0 0 0 0 40 40 40 40 40 40 40 40 40 40 40 40 40 0 0 0 0 0 0 0 0 0 0 0 0 0 0 0 0 0 0 0 0 52 52 52 52 52 52 52 52 52 52 52 52 52 52 52 52 0 76 76 76 76 76 76 76 76 0 0 0 0 0 0 0 0 0 0 0 0 0 0 0 0 51 51 51 51 51 51 51 51 51 51 51 51 0 0 0 0 0 0 0 0 0 0 0 0 0 0 0 0 0 98 98 98 98 98 98 98 98 98 98 98 98 98 98 98 98 0 0 0 0 0 0 0 0 0 0 0 0 0 0 0 0 0 0 0 0 0 0 0 0 0 0 0 66 66 66 66 66 66 66 66 66 66 66 66
0 0 0 0 0 0 0 0 0 0 0 0 0 0 0 0 0 0 0 0 0 0 0 0 0 0 0 0 0 0 0 0 0 0 0 0 0 0 0 0 0 0 40 40 40 40 40 40 40 40 40 40 40 40 40 0 0 0 0 0 0 0 0 0 0 0 0 0 0 0 0 0 0 0 0 52 52 52 52 52 52 52 52 52 52 52 52 52 52 52 52 0 76 76 76 76 76 76 76 76 0 0 0 0 0 0 0 0 0 0 0 0 0 0 0 0 51 51 51 51 51 51 51 51 51 51 51 51 0 0 0 0 0 0 0 0 0 0 0 0 0 0 0 0 0 0 0 0 0 0 0 0 0 0 0 0 0 0 0 0 0 0 0 0 0 0 0 0 0 0 0 0 0 0 0 0 0 0 0 0 0 0 0 0 0 0 0 0 66 66 66 66 66 66 66 66 66 66 66 66
0 0 0 0 0 0 0 0 0 0 0 0 0 0 0 0 0 0 0 0 0 0 0 0 0 0 0 0 0 0 0 0 0 0 0 0 0 0 0 0 0 0 40 40 40 40 40 40 40 40 40 40 40 40 40 0 0 0 0 0 0 0 0 0 0 0 0 0 0 0 0 0 0 0 0 52 52 52 52 52 52 52 52 52 52 52 52 52 52 52 52 0 76 76 76 76 76 76 76 76 0 0 0 0 0 0 0 0 0 0 0 0 0 0 0 0 0 0 0 0 0 0 0 0 0 0 0 0 0 0 0 0 0 0 0 0 0 0 0 0 0 0 0 0 0 0 0 0 0 0 0 0 0 0 0 0 0 0 0 0 0 0 0 0 0 0 0 0 0 0 0 0 0 0 0 0 0 0 0 0 0 0 0 0 0 0 0 0 66 66 66 66 66 66 66 66 66 66 66 66
0 0 0 0 0 0 0 0 0 0 0 0 0 0 0 0 0 0 0 0 0 0 0 0 0 0 0 0 0 0 0 0 0 0 0 0 0 0 0 0 0 0 40 40 40 40 40 40 40 40 40 40 40 40 40 0 0 0 0 0 0 0 0 0 0 0 0 0 0 0 0 0 0 0 0 52 52 52 52 52 52 52 52 52 52 52 52 52 52 52 52 0 76 76 76 76 76 76 76 76 0 0 0 0 0 0 0 0 0 0 0 0 0 0 0 0 0 0 0 0 0 0 0 0 0 0 0 0 0 0 0 0 0 0 0 0 0 0 0 0 0 0 0 0 0 0 0 0 0 0 0 0 0 0 0 0 0 0 0 0 0 0 0 0 0 0 0 0 0 0 0 0 0 0 0 0 0 0 0 0 0 0 0 0 0 0 0 0 66 66 66 66 66 66 66 66 66 66 66 66
0 0 0 0 0 0 0 0 0 0 0 0 0 0 0 0 0 0 0 0 0 0 0 0 0 0 0 0 0 0 0 0 0 0 0 0 0 0 0 0 0 0 40 40 40 40 40 40 40 40 40 40 40 40 40 0 0 0 0 0 0 0 0 0 0 0 0 0 0 0 0 0 0 0 0 52 52 52 52 52 52 52 52 52 52 52 52 52 52 52 52 0 76 76 76 76 76 76 76 76 0 0 0 0 0 0 0 0 0 0 0 0 0 0 0 0 0 0 0 0 0 0 0 0 0 0 0 0 0 0 0 0 0 0 0 0 0 0 0 0 0 0 0 0 0 0 0 0 0 0 0 0 0 0 0 0 0 0 0 0 0 0 0 0 0 0 0 0 0 0 0 0 0 0 0 0 0 0 0 0 0 0 0 0 0 0 0 0 66 66 66 66 66 66 66 66 66 66 66 66
0 0 0 0 0 0 0 0 0 0 0 0 0 0 0 0 0 0 0 0 0 0 0 0 0 0 0 0 0 0 0 0 0 0 0 0 0 0 0 0 0 0 40 40 40 40 40 40 40 40 40 40 40 40 40 0 0 0 0 0 0 0 0 0 0 0 0 0 0 0 0 0 0 0 0 52 52 52 52 52 52 52 52 52 52 52 52 52 52 52 52 0 76 76 76 76 76 76 76 76 0 0 0 0 0 0 0 0 0 0 0 0 0 0 0 0 0 0 0 0 0 0 0 0 0 0 0 0 0 0 0 0 0 0 0 0 0 0 0 0 0 0 0 0 0 0 0 0 0 0 0 0 0 0 0 0 0 0 0 0 0 0 0 0 0 0 0 0 0 0 0 0 0 0 0 0 0 0 0 0 0 0 0 0 0 0 0 0 66 66 66 66 66 66 66 66 66 66 66 66
0 0 0 0 0 0 0 0 0 0 0 0 0 0 0 0 0 0 0 0 0 0 0 0 0 0 0 0 0 0 0 0 0 0 0 0 0 0 0 0 0 0 40 40 40 40 40 40 40 40 40 40 40 40 40 0 0 0 0 0 0 0 0 0 0 0 0 0 0 0 0 0 0 0 0 52 52 52 52 52 52 52 52 52 52 52 52 52 52 52 52 0 76 76 76 76 76 76 76 76 0 0 0 0 0 0 0 0 0 0 0 0 0 0 0 0 0 0 0 0 0 0 0 0 0 0 0 0 0 0 0 0 0 0 0 0 0 0 0 0 0 0 0 0 0 0 0 0 0 0 0 0 0 0 0 0 0 0 0 0 0 0 0 0 0 0 0 0 0 0 0 0 0 0 0 0 0 0 0 0 0 0 0 0 0 0 0 0 66 66 66 66 66 66 66 66 66 66 66 66
0 0 0 0 0 0 0 0 0 0 0 0 0 0 0 0 0 0 0 0 0 0 0 0 0 0 0 0 0 0 0 0 0 0 0 0 0 0 0 0 0 0 40 40 40 40 40 40 40 40 40 40 40 40 40 0 0 0 0 0 0 0 0 0 0 0 0 0 0 0 0 0 0 0 0 52 52 52 52 52 52 52 52 52 52 52 52 52 52 52 52 0 76 76 76 76 76 0 0 0 0 0 0 0 26 26 26 26 26 26 26 26 26 26 26 0 0 0 0 0 0 0 0 0 0 0 0 0 0 0 0 0 0 0 0 0 0 0 0 0 0 0 0 0 0 0 0 0 0 0 0 0 0 0 0 0 0 0 0 0 0 0 0 0 0 0 0 0 0 0 0 0 0 0 0 0 0 0 0 0 0 0 0 0 0 0 0 0 0 0 0 0 0 0 0 0 0 0 0 0
0 0 0 0 0 0 0 0 0 0 0 0 0 0 0 0 0 0 0 0 0 0 0 0 0 0 0 0 0 0 0 0 0 0 0 0 0 0 0 0 0 0 40 40 40 40 40 40 40 40 40 40 40 40 40 40 0 0 0 0 0 0 0 0 0 0 0 0 0 0 0 0 0 0 0 52 52 52 52 52 52 52 0 0 0 0 0 52 52 52 52 0 0 0 0 0 0 0 0 0 0 0 0 0 26 26 26 26 26 26 26 26 26 26 26 0 0 0 0 0 0 0 0 0 0 0 0 0 0 0 0 0 0 0 0 0 0 0 0 0 0 0 0 0 0 0 0 0 0 0 0 0 0 0 0 0 0 0 0 0 0 0 0 0 0 0 0 0 0 0 0 0 0 0 0 0 0 0 0 0 0 0 0 0 0 0 0 0 0 0 0 0 0 0 0 0 0 0 0 0
0 0 0 0 0 0 0 0 0 0 0 0 0 0 0 0 0 0 0 0 0 0 0 0 0 0 0 0 79 79 79 79 79 79 79 79 79 79 79 79 79 0 40 40 40 40 40 40 40 40 40 40 40 40 40 40 0 0 0 0 0 0 0 0 0 0 0 0 0 0 0 0 0 0 0 0 0 0 0 0 0 0 48 48 48 48 48 0 52 52 52 0 0 0 0 0 0 0 0 0 0 0 0 0 26 26 26 26 26 26 26 26 26 26 26 0 0 0 0 0 0 0 0 0 0 0 0 0 0 0 0 0 0 0 0 0 0 0 0 0 0 0 0 0 0 0 0 0 0 0 0 0 0 0 0 0 0 0 0 0 0 0 0 0 0 0 0 0 0 0 0 0 0 0 0 0 0 0 0 0 0 0 0 0 0 0 0 0 0 0 0 0 0 0 0 0 0 0 0 0
0 0 0 0 0 0 0 0 0 0 0 0 0 0 0 0 0 0 0 0 0 0 0 0 0 0 0 0 79 79 79 79 79 79 79 79 79 79 79 79 79 0 40 40 40 40 40 40 40 40 40 40 40 40 40 40 0 0 0 0 0 0 0 0 0 0 0 48 48 48 48 48 48 48 48 48 48 48 48 48 48 48 48 48 48 48 48 0 52 52 52 0 0 0 0 0 0 0 0 0 0 0 0 0 26 26 26 26 26 26 26 26 26 26 26 0 0 0 0 0 0 0 0 0 0 0 0 0 0 0 0 0 0 0 0 0 0 0 0 0 0 0 0 0 0 0 0 0 0 0 0 0 0 0 0 0 0 0 0 0 0 0 0 0 0 0 0 0 0 0 0 0 0 0 0 0 0 0 0 0 0 0 0 0 0 0 0 0 0 0 0 0 0 0 0 0 0 0 0 0
0 0 0 0 0 0 0 0 0 0 0 0 0 0 0 0 0 0 0 0 0 0 0 0 0 0 0 0 79 79 79 79 79 79 79 79 79 79 79 79 79 0 40 40 40 40 40 40 40 40 40 40 40 40 40 40 0 0 0 0 0 0 0 0 0 0 0 48 48 48 48 48 48 48 48 48 48 48 48 48 48 48 48 48 48 48 48 0 0 0 0 0 0 0 0 0 0 0 0 0 0 0 0 0 26 26 26 26 26 26 26 26 26 26 26 0 0 0 0 0 0 0 0 0 0 0 0 0 0 0 0 0 0 0 0 0 0 0 0 0 0 0 0 0 0 0 0 0 0 0 0 0 0 0 0 0 0 0 0 0 0 0 0 0 0 0 0 0 0 0 0 0 0 0 0 0 0 0 0 0 0 0 0 0 0 0 0 0 0 0 0 0 0 0 0 0 0 0 0 0
0 0 0 0 0 0 0 0 0 0 0 0 0 0 0 0 0 0 0 0 0 0 0 0 0 0 0 0 79 79 79 79 79 79 79 79 79 79 79 79 79 79 0 0 0 0 0 0 0 0 0 0 0 0 0 0 0 0 0 0 0 0 0 0 0 0 0 48 48 48 48 48 48 48 48 48 48 48 48 48 48 48 48 48 48 48 48 0 0 0 0 0 0 0 0 0 0 0 0 0 0 0 0 0 26 26 26 26 26 26 26 26 26 26 26 0 0 0 0 0 0 0 0 0 0 70 70 70 70 70 70 70 70 70 70 70 70 70 70 70 0 0 0 0 0 0 0 0 0 0 0 0 0 0 0 0 0 0 0 0 0 0 0 0 0 0 0 0 0 0 0 0 0 0 0 0 0 0 0 0 0 0 0 0 0 0 0 0 0 0 0 0 0 0 0 0 0 0 0 0
0 0 0 0 0 0 0 0 0 0 0 0 0 0 0 0 0 0 0 0 0 0 0 0 0 0 0 0 79 79 79 79 79 79 79 79 79 79 79 79 79 79 79 79 79 79 79 0 0 0 0 0 0 0 0 0 0 0 0 0 0 0 0 0 0 0 0 48 48 48 48 48 48 48 48 48 48 48 48 48 48 48 48 48 48 48 48 0 0 0 0 0 0 0 0 0 0 0 0 0 0 0 0 0 26 26 26 26 26 26 26 26 26 26 26 0 0 0 0 0 0 0 0 0 0 70 70 70 70 70 70 70 70 70 70 70 70 70 70 70 0 0 0 0 0 0 0 0 0 0 0 0 0 0 0 0 0 0 0 0 0 0 0 0 0 0 0 0 0 0 0 0 0 0 0 0 0 0 0 0 0 0 0 0 0 0 0 0 0 0 0 0 0 0 0 0 0 0 0 0
0 0 0 0 0 0 0 0 0 0 0 0 0 0 0 0 0 0 0 0 0 0 0 0 0 0 0 0 79 79 79 79 79 79 79 79 79 79 79 79 79 79 79 79 79 79 79 0 0 0 0 0 0 0 0 0 0 0 0 0 0 0 0 0 0 0 0 48 48 48 48 48 48 48 48 48 48 48 48 48 48 48 48 48 48 48 48 0 0 0 0 0 0 0 0 0 0 0 0 0 0 0 0 0 26 26 26 26 26 26 26 26 26 26 26 0 0 0 0 0 0 0 0 0 0 70 70 70 70 70 70 70 70 70 70 70 70 70 70 70 0 0 0 0 0 0 0 0 0 0 0 0 0 0 0 0 0 0 0 0 0 0 0 0 0 0 0 0 0 0 0 0 0 0 0 0 0 0 0 0 0 0 0 0 0 0 0 0 0 0 0 0 0 0 0 0 0 0 0 0
0 0 0 0 0 0 0 0 0 0 0 0 0 0 0 0 0 0 0 0 0 0 0 0 0 0 0 0 0 79 79 79 79 79 79 79 79 79 79 79 79 79 79 79 79 79 79 0 0 0 0 0 0 0 0 0 0 0 0 0 0 0 0 0 0 0 0 48 48 48 48 48 48 48 48 48 48 48 48 48 48 48 48 48 48 48 48 0 0 0 0 0 0 0 0 0 0 0 0 0 0 0 0 0 0 26 26 26 26 26 26 26 26 26 26 0 0 0 0 0 0 0 0 0 0 70 70 70 70 70 70 70 70 70 70 70 70 70 70 70 0 0 0 0 0 0 0 0 0 0 0 0 0 0 0 0 0 0 0 0 0 0 0 0 0 0 0 0 0 0 0 0 0 0 0 0 0 0 0 0 0 0 0 0 0 0 0 0 0 0 0 0 0 0 0 0 0 0 0 0
0 0 0 0 0 0 0 0 0 0 0 0 0 0 0 0 0 0 0 0 0 0 0 0 0 0 0 0 0 79 79 79 79 79 79 79 79 79 79 79 79 79 79 79 79 79 79 0 0 0 0 0 0 0 0 0 0 0 0 0 0 0 0 0 0 0 0 48 48 48 48 48 48 48 48 48 48 48 48 48 48 48 48 48 48 48 48 0 0 0 0 0 0 0 0 0 0 0 0 0 0 0 0 0 0 26 26 26 26 26 26 26 26 26 26 0 0 0 0 0 0 0 0 0 0 70 70 70 70 70 70 70 70 70 70 70 70 70 70 70 0 0 0 0 0 0 0 0 0 0 0 0 0 0 0 0 0 0 0 0 0 0 0 0 0 0 0 0 0 0 0 0 0 0 0 0 0 0 0 0 0 0 0 0 0 0 0 0 0 0 0 0 0 0 0 0 0 0 0 0
0 0 0 0 0 0 0 0 0 0 0 0 0 0 0 0 0 0 0 0 0 0 0 0 0 0 0 0 0 79 79 79 79 79 79 79 79 79 79 79 79 79 79 79 79 79 79 0 0 0 0 0 0 0 0 0 0 0 0 0 0 0 0 0 0 0 0 48 48 48 48 48 48 48 48 48 48 48 48 48 48 48 48 48 48 48 48 0 0 0 0 0 0 0 0 0 0 0 0 0 0 0 0 0 0 26 26 26 26 26 26 26 26 26 26 0 0 0 0 0 0 0 0 0 0 0 70 70 70 70 70 70 70 70 70 70 70 70 70 70 0 0 0 0 0 0 0 0 0 0 0 0 0 0 0 0 0 0 0 0 0 0 0 0 0 0 0 0 0 0 0 0 0 0 0 0 0 0 0 0 0 0 0 0 0 0 0 0 0 0 0 0 0 0 0 0 0 0 0 0
0 0 0 0 0 0 0 0 0 0 0 0 0 0 0 0 0 0 0 0 0 0 0 0 0 0 0 0 0 79 79 79 79 79 79 79 79 79 79 79 79 79 79 79 79 79 79 0 0 0 0 0 0 0 0 0 0 0 0 0 0 0 0 0 0 0 0 48 48 48 48 48 48 48 48 48 48 48 48 48 48 48 48 48 48 48 48 0 0 0 0 0 0 0 0 0 0 0 0 0 0 0 0 0 0 0 0 0 0 0 0 0 0 0 0 0 0 0 0 0 0 0 0 0 0 0 70 70 70 70 70 70 70 70 70 70 70 70 70 70 0 0 0 0 0 0 0 0 0 0 0 0 0 0 0 0 0 0 0 0 0 0 0 0 0 0 0 0 0 0 0 0 0 0 0 0 0 0 0 0 0 0 0 0 0 0 0 0 0 0 0 0 0 0 0 0 0 0 0 0
0 0 0 0 0 0 0 0 0 0 0 0 0 0 0 0 0 0 0 0 0 0 0 0 0 0 0 0 0 79 79 79 79 79 79 79 79 79 79 79 79 79 79 79 79 79 79 0 0 0 0 0 0 0 0 0 0 0 0 0 0 0 0 0 0 0 0 48 48 48 48 48 48 48 48 48 48 48 48 48 48 48 48 48 48 48 48 0 0 0 0 0 0 0 0 0 0 0 0 0 0 0 0 0 0 0 0 0 0 0 0 0 0 0 0 0 0 0 0 0 0 0 0 0 0 0 70 70 70 70 70 70 70 70 70 70 70 70 70 70 0 0 0 0 0 0 0 0 0 0 0 0 0 0 0 0 0 0 0 0 0 0 0 0 0 0 0 0 0 0 0 0 0 0 0 0 0 0 0 0 0 0 0 0 0 0 0 0 0 0 0 0 0 0 0 0 0 0 0 0
0 0 0 0 0 0 0 0 0 0 0 0 0 0 0 0 0 0 0 0 0 0 0 0 0 0 0 0 0 79 79 79 79 79 79 79 79 79 79 79 79 79 79 79 79 79 79 0 0 0 0 0 0 0 0 0 0 0 0 0 0 0 0 0 0 0 0 48 48 48 48 48 48 48 48 48 48 48 48 48 48 48 48 48 48 48 48 0 0 0 0 0 0 0 0 0 0 0 0 0 0 0 0 0 0 0 0 0 0 0 0 0 0 0 0 0 0 0 0 0 0 0 0 0 0 0 70 70 70 70 70 70 70 70 70 70 70 70 70 70 0 0 0 0 0 0 0 0 0 0 0 0 0 0 0 0 0 0 0 0 0 0 0 0 0 0 0 0 0 0 0 0 0 0 0 0 0 0 0 0 0 0 0 0 0 0 0 0 0 0 0 0 0 0 0 0 0 0 0 0
0 0 0 0 0 0 0 0 0 0 0 0 0 0 0 0 0 0 0 0 0 0 0 0 0 0 0 0 0 79 79 79 79 79 79 79 79 79 79 79 79 79 79 79 79 79 79 0 0 0 0 0 0 0 0 0 0 0 0 0 0 0 0 0 0 0 0 48 48 48 48 48 48 48 48 48 48 48 48 48 48 48 48 48 48 48 48 0 0 0 0 0 0 0 0 0 0 0 0 0 0 0 0 0 0 0 0 0 0 0 0 0 0 0 0 0 0 0 0 0 0 0 0 0 0 0 70 70 70 70 70 70 70 70 70 70 70 70 70 70 0 0 0 0 0 0 0 0 0 0 0 0 0 0 0 0 0 0 0 0 0 0 0 0 0 0 0 0 0 0 0 0 0 0 0 0 0 0 0 0 0 0 0 0 0 0 0 0 0 0 0 0 0 0 0 0 0 0 0 0
