15 15
0 34 34 34 0 0 0 0 0 85 85 85 85 85 85
0 34 34 34 0 0 0 0 0 0 0 0 85 85 85
0 34 34 0 45 45 45 0 84 84 84 84 0 85 85
0 34 34 0 45 45 45 0 84 84 84 84 0 85 85
0 0 0 0 0 45 45 0 84 0 84 84 0 0 0
0 0 0 0 0 45 45 45 0 26 0 84 0 0 0
0 0 0 0 0 45 45 45 0 26 0 0 0 0 0
0 35 35 35 0 0 0 0 0 0 0 0 0 82 0
35 35 35 35 0 0 0 25 25 0 82 82 82 82 0
35 35 0 35 0 0 0 25 25 0 82 82 82 82 0
35 0 67 0 0 33 0 25 25 0 82 82 82 82 0
0 67 67 0 0 33 33 0 0 0 82 82 82 82 0
0 67 67 0 0 0 33 33 33 33 0 0 0 0 0
0 0 0 0 0 0 33 33 33 33 33 33 0 0 0
0 0 0 0 0 0 33 33 33 33 33 33 0 0 0
5
8 3
7 0
2 5
0 3
9 7
